Timestamp,Station,District,Freeway #,Direction of Travel,Lane Type,Station Length,Samples,% Observed,Total Flow,Avg Occupancy,Avg Speed,region
2006-11-06 21:40:00,717251,7,10,E,ML,0.468,40,75,282.0,0.0511,65.1,LA
2006-11-06 21:40:00,717252,7,10,W,ML,0.278,40,100,260.0,0.0415,68.5,LA
2006-11-06 21:40:00,717257,7,10,E,ML,0.655,40,100,357.0,0.0496,71.5,LA
2006-11-06 21:40:00,717258,7,10,W,ML,0.845,37,100,245.0,0.0412,65.2,LA
2006-11-06 21:40:00,717260,7,10,E,ML,0.71,39,100,267.0,0.0458,66.3,LA
2006-11-06 21:40:00,717262,7,60,E,ML,1.214,30,100,238.0,0.0657,55.6,LA
2006-11-06 21:40:00,717263,7,60,W,ML,0.625,50,80,177.0,0.0235,68.1,LA
2006-11-06 21:40:00,717264,7,60,E,ML,0.765,50,100,172.0,0.0174,73.1,LA
2006-11-06 21:40:00,717265,7,60,E,ML,0.43,49,100,183.0,0.0254,65.6,LA
2006-11-06 21:40:00,717266,7,60,W,ML,0.495,50,100,168.0,0.0253,66.0,LA
2006-11-06 21:40:00,717268,7,60,E,ML,0.02,50,100,223.0,0.0244,70.4,LA
2006-11-06 21:40:00,717269,7,60,W,ML,0.47,50,100,194.0,0.0231,68.3,LA
2006-11-06 21:40:00,717270,7,60,W,ML,0.915,40,100,208.0,0.0229,69.7,LA
2006-11-06 21:40:00,717273,7,60,E,ML,0.742,50,100,271.0,0.0321,71.1,LA
2006-11-06 21:40:00,717274,7,60,W,ML,0.77,60,100,238.0,0.019,70.8,LA
2006-11-06 21:40:00,717277,7,60,W,ML,0.295,50,100,241.0,0.0303,70.6,LA
2006-11-06 21:40:00,717279,7,60,E,ML,0.293,53,100,238.0,0.0215,70.7,LA
2006-11-06 21:40:00,717281,7,60,W,ML,1.535,50,100,250.0,0.0258,71.7,LA
2006-11-06 21:40:00,717282,7,60,W,ML,1.435,49,100,223.0,0.031,69.7,LA
2006-11-06 21:40:00,717285,7,60,E,ML,1.487,40,100,289.0,0.0378,69.7,LA
2006-11-06 21:40:00,717288,7,60,W,ML,0.473,50,100,181.0,0.0251,66.5,LA
2006-11-06 21:40:00,717290,7,60,E,ML,0.373,40,100,292.0,0.0293,69.8,LA
2006-11-06 21:40:00,717292,7,60,E,ML,0.758,40,100,285.0,0.0212,69.0,LA
2006-11-06 21:40:00,717294,7,60,W,ML,0.773,50,100,209.0,0.0253,72.0,LA
2006-11-06 21:40:00,717296,7,60,E,ML,0.545,40,100,286.0,0.0484,68.8,LA
2006-11-06 21:40:00,717298,7,60,W,ML,0.48,50,100,224.0,0.0254,72.1,LA
2006-11-06 21:40:00,717300,7,60,W,ML,0.355,50,100,172.0,0.0198,69.8,LA
2006-11-06 21:40:00,717301,7,60,E,ML,0.335,50,100,315.0,0.0354,70.6,LA
2006-11-06 21:40:00,717318,7,60,E,ML,1.2,50,100,347.0,0.044,71.6,LA
2006-11-06 21:40:00,717322,7,60,E,ML,0.57,40,100,312.0,0.0558,64.5,LA
2006-11-06 21:40:00,717327,7,60,W,ML,0.39,36,100,256.0,0.0277,67.9,LA
2006-11-06 21:40:00,717328,7,60,E,ML,0.325,40,100,330.0,0.0549,67.2,LA
2006-11-06 21:40:00,717332,7,60,E,ML,0.79,40,100,308.0,0.0545,69.5,LA
2006-11-06 21:40:00,717334,7,60,E,ML,0.205,40,100,294.0,0.0533,65.7,LA
2006-11-06 21:40:00,717337,7,60,W,ML,0.29,36,100,241.0,0.0346,70.2,LA
2006-11-06 21:40:00,717339,7,60,W,ML,0.585,39,75,211.0,0.0257,66.8,LA
2006-11-06 21:40:00,717342,7,60,W,ML,0.515,40,100,180.0,0.0288,62.0,LA
2006-11-06 21:40:00,717346,7,60,E,ML,0.46,38,100,198.0,0.0416,58.4,LA
2006-11-06 21:40:00,717350,7,60,W,ML,0.485,24,100,148.0,0.0429,58.0,LA
2006-11-06 21:40:00,717352,7,60,E,ML,0.54,40,100,143.0,0.0244,66.5,LA
2006-11-06 21:40:00,717355,7,60,W,ML,0.915,40,100,215.0,0.0191,68.9,LA
2006-11-06 21:40:00,717365,7,91,W,ML,0.495,30,75,193.0,0.0284,68.2,LA
2006-11-06 21:40:00,717367,7,91,E,ML,0.495,50,100,232.0,0.0252,71.0,LA
2006-11-06 21:40:00,717369,7,91,E,ML,0.325,40,100,232.0,0.0298,64.5,LA
2006-11-06 21:40:00,717373,7,91,E,ML,0.42,40,100,233.0,0.0336,66.2,LA
2006-11-06 21:40:00,717374,7,91,W,ML,0.415,40,100,124.0,0.0177,69.0,LA
2006-11-06 21:40:00,717375,7,91,W,ML,0.385,40,100,111.0,0.0159,69.1,LA
2006-11-06 21:40:00,717376,7,91,E,ML,0.385,40,100,208.0,0.0295,68.6,LA
2006-11-06 21:40:00,717378,7,91,W,ML,0.545,40,100,158.0,0.0199,71.0,LA
2006-11-06 21:40:00,717379,7,91,E,ML,0.545,36,100,277.0,0.0336,65.8,LA
2006-11-06 21:40:00,717380,7,91,W,ML,0.515,40,100,142.0,0.0185,69.8,LA
2006-11-06 21:40:00,717381,7,91,E,ML,0.51,40,100,263.0,0.0381,68.7,LA
2006-11-06 21:40:00,717383,7,91,E,ML,0.405,40,100,262.0,0.0351,68.0,LA
2006-11-06 21:40:00,717384,7,91,W,ML,0.405,30,100,128.0,0.0238,66.7,LA
2006-11-06 21:40:00,717385,7,91,E,HV,0.685,10,100,0.0,0.0,65.2,LA
2006-11-06 21:40:00,717387,7,91,E,ML,0.45,40,100,240.0,0.0325,69.8,LA
2006-11-06 21:40:00,717388,7,91,W,ML,0.45,40,100,146.0,0.0224,70.7,LA
2006-11-06 21:40:00,717392,7,91,W,ML,0.585,30,100,167.0,0.0338,66.4,LA
2006-11-06 21:40:00,717393,7,91,E,ML,0.585,30,100,189.0,0.038,66.2,LA
2006-11-06 21:40:00,717410,7,91,W,ML,0.52,40,100,310.0,0.045,69.7,LA
2006-11-06 21:40:00,717420,7,91,E,ML,0.37,50,100,304.0,0.0382,69.9,LA
2006-11-06 21:40:00,717421,7,91,W,ML,0.445,40,100,301.0,0.044,73.7,LA
2006-11-06 21:40:00,717422,7,91,E,HV,0.37,10,100,3.0,0.0012,65.1,LA
2006-11-06 21:40:00,717424,7,91,W,ML,0.27,32,100,279.0,0.0421,71.2,LA
2006-11-06 21:40:00,717426,7,91,E,ML,0.34,50,100,277.0,0.0332,68.8,LA
2006-11-06 21:40:00,717428,7,91,W,ML,0.42,40,100,351.0,0.0542,69.0,LA
2006-11-06 21:40:00,717429,7,91,W,HV,0.42,10,100,14.0,0.007,65.0,LA
2006-11-06 21:40:00,717431,7,91,E,ML,0.42,40,100,372.0,0.0646,67.3,LA
2006-11-06 21:40:00,717433,7,91,W,ML,0.27,40,100,326.0,0.0412,70.3,LA
2006-11-06 21:40:00,717434,7,91,E,ML,0.29,40,100,367.0,0.0503,68.9,LA
2006-11-06 21:40:00,717435,7,91,W,ML,0.245,40,100,363.0,0.0558,68.8,LA
2006-11-06 21:40:00,717440,7,91,W,ML,0.35,40,100,338.0,0.0588,69.3,LA
2006-11-06 21:40:00,717442,7,91,W,ML,0.921,40,100,298.0,0.0472,68.4,LA
2006-11-06 21:40:00,717443,7,91,E,ML,0.886,40,75,234.0,0.0301,71.5,LA
2006-11-06 21:40:00,717445,7,101,N,ML,0.555,40,100,426.0,0.0633,64.6,LA
2006-11-06 21:40:00,717446,7,101,S,ML,0.36,40,100,403.0,0.0579,66.4,LA
2006-11-06 21:40:00,717447,7,101,N,ML,0.43,40,100,463.0,0.0748,68.6,LA
2006-11-06 21:40:00,717450,7,101,S,ML,0.47,32,100,398.0,0.057,64.5,LA
2006-11-06 21:40:00,717452,7,101,N,ML,0.45,32,100,403.0,0.0576,68.4,LA
2006-11-06 21:40:00,717453,7,101,S,ML,0.46,40,100,423.0,0.0628,62.3,LA
2006-11-06 21:40:00,717456,7,101,N,ML,0.29,40,100,326.0,0.0411,69.9,LA
2006-11-06 21:40:00,717458,7,101,S,ML,0.445,40,100,371.0,0.0499,69.1,LA
2006-11-06 21:40:00,717459,7,101,N,ML,0.29,40,75,355.0,0.0537,69.0,LA
2006-11-06 21:40:00,717460,7,101,N,ML,0.35,40,100,306.0,0.0401,68.0,LA
2006-11-06 21:40:00,717461,7,101,S,ML,0.35,40,100,316.0,0.043,64.1,LA
2006-11-06 21:40:00,717462,7,101,S,ML,0.405,40,100,316.0,0.0357,65.7,LA
2006-11-06 21:40:00,717463,7,101,N,ML,0.405,40,100,313.0,0.0501,65.1,LA
2006-11-06 21:40:00,717465,7,101,N,ML,0.31,40,100,303.0,0.0426,70.4,LA
2006-11-06 21:40:00,717466,7,101,S,ML,0.31,40,100,303.0,0.0474,69.3,LA
2006-11-06 21:40:00,717472,7,101,S,ML,0.445,40,100,213.0,0.0328,63.9,LA
2006-11-06 21:40:00,717473,7,101,N,ML,0.555,40,100,239.0,0.04,67.3,LA
2006-11-06 21:40:00,717480,7,101,N,ML,0.87,40,100,311.0,0.0383,71.7,LA
2006-11-06 21:40:00,717486,7,101,S,ML,0.86,50,100,340.0,0.0458,71.6,LA
2006-11-06 21:40:00,717488,7,101,S,ML,0.35,50,100,322.0,0.0344,72.9,LA
2006-11-06 21:40:00,717489,7,101,S,ML,0.565,50,80,311.0,0.0335,70.0,LA
2006-11-06 21:40:00,717490,7,101,S,ML,0.5,44,100,328.0,0.0445,61.9,LA
2006-11-06 21:40:00,717491,7,101,N,ML,0.5,44,80,297.0,0.0438,65.0,LA
2006-11-06 21:40:00,717492,7,101,N,ML,1.139,50,100,344.0,0.0424,62.6,LA
2006-11-06 21:40:00,717493,7,101,S,ML,0.91,49,100,328.0,0.0464,62.8,LA
2006-11-06 21:40:00,717499,7,101,S,ML,1.0,49,100,360.0,0.0525,57.5,LA
2006-11-06 21:40:00,717501,7,101,N,ML,1.07,48,100,365.0,0.05,63.0,LA
2006-11-06 21:40:00,717508,7,101,S,ML,1.23,50,100,388.0,0.039,69.6,LA
2006-11-06 21:40:00,717510,7,101,N,ML,1.886,50,100,386.0,0.0598,66.0,LA
2006-11-06 21:40:00,717511,7,101,S,ML,0.96,50,80,361.0,0.0375,70.9,LA
2006-11-06 21:40:00,717513,7,101,N,ML,1.01,50,100,390.0,0.0427,71.1,LA
2006-11-06 21:40:00,717514,7,101,S,ML,1.13,40,80,359.0,0.0353,70.1,LA
2006-11-06 21:40:00,717515,7,101,N,ML,1.01,50,100,379.0,0.0423,70.0,LA
2006-11-06 21:40:00,717516,7,101,S,ML,1.08,50,100,408.0,0.0464,71.6,LA
2006-11-06 21:40:00,717517,7,101,N,ML,1.045,50,100,361.0,0.0354,73.9,LA
2006-11-06 21:40:00,717518,7,101,S,ML,0.77,50,100,244.0,0.0305,70.3,LA
2006-11-06 21:40:00,717520,7,101,S,ML,0.515,50,100,236.0,0.0245,68.4,LA
2006-11-06 21:40:00,717522,7,101,N,ML,1.205,40,100,242.0,0.0353,66.6,LA
2006-11-06 21:40:00,717524,7,101,N,ML,1.03,40,100,248.0,0.0354,67.1,LA
2006-11-06 21:40:00,717525,7,118,E,ML,2.375,40,100,112.0,0.0158,68.8,LA
2006-11-06 21:40:00,717526,7,118,E,HV,2.375,10,100,0.0,0.0,65.0,LA
2006-11-06 21:40:00,717528,7,118,W,ML,1.405,40,100,157.0,0.0214,68.1,LA
2006-11-06 21:40:00,717530,7,118,E,ML,1.365,40,100,121.0,0.0132,68.9,LA
2006-11-06 21:40:00,717531,7,118,E,HV,1.365,10,100,0.0,0.0,65.3,LA
2006-11-06 21:40:00,717532,7,118,W,ML,1.425,40,100,199.0,0.0267,68.0,LA
2006-11-06 21:40:00,717533,7,118,E,ML,1.515,40,100,144.0,0.0201,67.0,LA
2006-11-06 21:40:00,717534,7,118,E,HV,1.515,10,100,1.0,0.0005,65.0,LA
2006-11-06 21:40:00,717535,7,118,W,ML,1.58,40,100,203.0,0.0286,65.3,LA
2006-11-06 21:40:00,717536,7,118,E,ML,1.525,40,100,132.0,0.0364,56.4,LA
2006-11-06 21:40:00,717537,7,118,W,ML,1.43,39,100,190.0,0.0294,64.5,LA
2006-11-06 21:40:00,717539,7,118,E,ML,1.08,40,100,245.0,0.0356,66.2,LA
2006-11-06 21:40:00,717540,7,118,E,HV,1.08,10,100,1.0,0.0005,64.8,LA
2006-11-06 21:40:00,717541,7,118,E,ML,0.39,40,80,266.0,0.0292,70.2,LA
2006-11-06 21:40:00,717542,7,118,E,HV,0.39,10,100,1.0,0.0006,64.7,LA
2006-11-06 21:40:00,717543,7,118,E,ML,0.47,50,80,299.0,0.0312,70.4,LA
2006-11-06 21:40:00,717544,7,118,W,ML,0.625,50,100,280.0,0.0309,69.8,LA
2006-11-06 21:40:00,717545,7,118,E,HV,0.47,10,100,1.0,0.0005,64.8,LA
2006-11-06 21:40:00,717546,7,118,W,ML,2.71,50,100,316.0,0.0345,70.5,LA
2006-11-06 21:40:00,717547,7,118,E,ML,2.71,50,60,363.0,0.0392,67.8,LA
2006-11-06 21:40:00,717562,7,118,W,ML,1.285,30,100,130.0,0.0241,67.9,LA
2006-11-06 21:40:00,717565,7,118,E,ML,1.285,40,100,107.0,0.009,68.3,LA
2006-11-06 21:40:00,717566,7,118,W,ML,1.921,20,100,76.0,0.0248,67.1,LA
2006-11-06 21:40:00,717578,7,134,E,ML,0.895,40,100,280.0,0.0388,74.8,LA
2006-11-06 21:40:00,717580,7,134,E,ML,0.655,40,100,253.0,0.0331,67.9,LA
2006-11-06 21:40:00,717582,7,134,W,ML,0.585,40,100,225.0,0.0286,77.4,LA
2006-11-06 21:40:00,717583,7,134,E,ML,0.68,40,100,256.0,0.0339,62.6,LA
2006-11-06 21:40:00,717585,7,134,E,ML,0.285,40,100,250.0,0.0337,68.2,LA
2006-11-06 21:40:00,717586,7,134,E,HV,0.285,10,100,2.0,0.0007,65.1,LA
2006-11-06 21:40:00,717587,7,134,E,ML,0.54,50,100,272.0,0.0355,71.6,LA
2006-11-06 21:40:00,717588,7,134,E,HV,0.54,10,100,2.0,0.001,64.9,LA
2006-11-06 21:40:00,717590,7,134,W,ML,1.9,40,100,178.0,0.0259,76.6,LA
2006-11-06 21:40:00,717592,7,134,E,ML,1.77,40,75,178.0,0.0414,69.4,LA
2006-11-06 21:40:00,717595,7,134,E,ML,1.765,40,100,219.0,0.0275,69.9,LA
2006-11-06 21:40:00,717597,7,134,W,ML,1.755,40,100,237.0,0.0323,68.9,LA
2006-11-06 21:40:00,717599,7,134,W,ML,0.645,40,100,234.0,0.0339,64.9,LA
2006-11-06 21:40:00,717601,7,134,E,ML,0.83,36,100,220.0,0.04,69.4,LA
2006-11-06 21:40:00,717603,7,134,W,ML,0.816,45,100,240.0,0.024,80.8,LA
2006-11-06 21:40:00,717604,7,134,W,HV,0.816,9,100,7.0,0.003,66.3,LA
2006-11-06 21:40:00,717606,7,134,E,ML,0.526,40,100,160.0,0.0197,77.8,LA
2006-11-06 21:40:00,717607,7,134,E,HV,0.526,10,100,8.0,0.0038,66.0,LA
2006-11-06 21:40:00,717608,7,170,S,ML,0.67,40,75,173.0,0.0243,68.0,LA
2006-11-06 21:40:00,717609,7,170,S,HV,0.67,10,100,7.0,0.0032,64.9,LA
2006-11-06 21:40:00,717610,7,170,S,ML,0.6,40,100,149.0,0.0217,67.4,LA
2006-11-06 21:40:00,717612,7,170,S,ML,0.35,40,100,146.0,0.0189,69.5,LA
2006-11-06 21:40:00,717614,7,170,S,ML,0.516,30,100,108.0,0.0196,68.4,LA
2006-11-06 21:40:00,717615,7,210,W,ML,2.85,40,100,123.0,0.0227,65.6,LA
2006-11-06 21:40:00,717617,7,210,E,ML,2.77,40,100,97.0,0.0238,66.9,LA
2006-11-06 21:40:00,717622,7,210,W,ML,0.8,30,75,112.0,0.0251,65.3,LA
2006-11-06 21:40:00,717624,7,210,W,ML,0.95,45,100,181.0,0.0242,69.2,LA
2006-11-06 21:40:00,717625,7,210,E,ML,0.835,40,100,69.0,0.0174,63.4,LA
2006-11-06 21:40:00,717627,7,210,W,ML,0.75,30,67,22.0,0.0044,66.7,LA
2006-11-06 21:40:00,717628,7,210,E,ML,0.48,10,100,17.0,0.0126,64.9,LA
2006-11-06 21:40:00,717633,7,210,E,ML,0.675,60,100,266.0,0.0251,69.4,LA
2006-11-06 21:40:00,717634,7,210,W,ML,0.56,50,80,230.0,0.0273,66.0,LA
2006-11-06 21:40:00,717635,7,210,E,ML,0.71,50,100,289.0,0.041,60.4,LA
2006-11-06 21:40:00,717637,7,210,W,ML,0.955,50,100,160.0,0.0157,71.9,LA
2006-11-06 21:40:00,717638,7,210,E,ML,0.58,50,100,340.0,0.0427,61.6,LA
2006-11-06 21:40:00,717640,7,210,E,ML,0.77,50,100,380.0,0.0475,67.4,LA
2006-11-06 21:40:00,717641,7,210,E,HV,0.605,10,100,93.0,0.0441,64.1,LA
2006-11-06 21:40:00,717642,7,210,W,ML,0.735,50,100,254.0,0.0347,67.4,LA
2006-11-06 21:40:00,717643,7,210,W,HV,0.735,10,100,12.0,0.0059,64.9,LA
2006-11-06 21:40:00,717644,7,210,W,ML,0.57,49,100,228.0,0.0333,65.1,LA
2006-11-06 21:40:00,717645,7,210,W,HV,0.57,10,100,13.0,0.0141,62.6,LA
2006-11-06 21:40:00,717649,7,210,W,ML,0.805,40,100,257.0,0.0318,75.9,LA
2006-11-06 21:40:00,717650,7,210,E,ML,0.675,45,40,303.0,0.0426,65.4,LA
2006-11-06 21:40:00,717654,7,210,E,ML,0.429,40,100,320.0,0.0431,66.4,LA
2006-11-06 21:40:00,717659,7,210,E,ML,0.605,40,100,258.0,0.0422,66.7,LA
2006-11-06 21:40:00,717660,7,710,N,ML,0.484,40,100,200.0,0.0272,69.5,LA
2006-11-06 21:40:00,717663,7,210,W,ML,0.43,40,100,230.0,0.0415,64.9,LA
2006-11-06 21:40:00,717667,7,210,E,ML,1.025,40,75,294.0,0.0473,66.6,LA
2006-11-06 21:40:00,717669,7,210,W,ML,0.6,40,75,254.0,0.0436,68.8,LA
2006-11-06 21:40:00,717670,7,210,W,HV,0.6,9,100,19.0,0.0087,65.0,LA
2006-11-06 21:40:00,717672,7,210,E,ML,0.955,40,100,250.0,0.0358,69.7,LA
2006-11-06 21:40:00,717673,7,210,W,ML,1.33,30,75,124.0,0.0665,48.9,LA
2006-11-06 21:40:00,717675,7,210,W,ML,0.544,39,100,210.0,0.042,68.4,LA
2006-11-06 21:40:00,717676,7,210,W,ML,0.8,40,100,225.0,0.0362,50.7,LA
2006-11-06 21:40:00,717677,7,210,W,HV,0.8,10,100,8.0,0.004,65.1,LA
2006-11-06 21:40:00,717678,7,210,W,ML,0.375,50,40,247.0,0.0357,55.9,LA
2006-11-06 21:40:00,717682,7,210,W,ML,0.37,40,100,212.0,0.0261,68.9,LA
2006-11-06 21:40:00,717684,7,210,E,ML,0.331,40,100,266.0,0.0417,69.9,LA
2006-11-06 21:40:00,717685,7,210,W,ML,0.94,40,100,200.0,0.0362,70.1,LA
2006-11-06 21:40:00,717686,7,210,W,ML,0.71,39,80,266.0,0.039,69.1,LA
2006-11-06 21:40:00,717687,7,210,W,HV,0.71,10,100,10.0,0.0051,65.2,LA
2006-11-06 21:40:00,717688,7,210,W,ML,0.8,40,75,208.0,0.0347,68.6,LA
2006-11-06 21:40:00,717689,7,210,W,HV,0.8,10,100,9.0,0.0038,65.1,LA
2006-11-06 21:40:00,717694,7,210,W,ML,1.21,30,25,236.0,0.0454,61.9,LA
2006-11-06 21:40:00,717695,7,210,W,HV,1.21,10,100,3.0,0.0014,65.1,LA
2006-11-06 21:40:00,717696,7,405,N,ML,0.85,40,100,234.0,0.0399,65.5,LA
2006-11-06 21:40:00,717697,7,405,S,ML,0.75,40,100,273.0,0.0358,66.8,LA
2006-11-06 21:40:00,717699,7,405,S,ML,0.45,40,100,321.0,0.0425,69.4,LA
2006-11-06 21:40:00,717701,7,405,N,ML,0.675,40,100,250.0,0.0308,70.7,LA
2006-11-06 21:40:00,717703,7,405,N,ML,0.505,40,100,338.0,0.043,74.1,LA
2006-11-06 21:40:00,717706,7,405,N,ML,0.35,50,100,305.0,0.0318,75.8,LA
2006-11-06 21:40:00,717707,7,405,N,HV,0.35,10,100,16.0,0.0076,65.0,LA
2006-11-06 21:40:00,717709,7,405,N,ML,0.27,50,100,323.0,0.04,69.3,LA
2006-11-06 21:40:00,717711,7,405,N,ML,0.495,40,100,268.0,0.0399,65.6,LA
2006-11-06 21:40:00,717713,7,405,N,ML,0.175,40,100,300.0,0.0408,71.6,LA
2006-11-06 21:40:00,717715,7,405,N,ML,0.325,40,100,286.0,0.0366,70.6,LA
2006-11-06 21:40:00,717717,7,405,N,ML,0.447,50,100,339.0,0.0322,72.9,LA
2006-11-06 21:40:00,717720,7,405,N,ML,0.285,40,100,312.0,0.0572,54.1,LA
2006-11-06 21:40:00,717723,7,405,N,ML,0.73,40,100,312.0,0.0408,68.1,LA
2006-11-06 21:40:00,717724,7,405,S,ML,0.815,40,100,266.0,0.0354,68.9,LA
2006-11-06 21:40:00,717725,7,405,N,HV,0.73,10,100,11.0,0.005,65.0,LA
2006-11-06 21:40:00,717727,7,405,N,ML,0.735,40,100,284.0,0.0366,71.8,LA
2006-11-06 21:40:00,717729,7,405,N,ML,0.725,50,100,327.0,0.0412,70.5,LA
2006-11-06 21:40:00,717731,7,405,S,ML,0.93,39,100,306.0,0.0444,69.8,LA
2006-11-06 21:40:00,717735,7,405,N,ML,0.58,40,100,270.0,0.0433,67.3,LA
2006-11-06 21:40:00,717738,7,405,N,HV,0.63,8,100,16.0,0.007,64.9,LA
2006-11-06 21:40:00,717744,7,405,N,ML,0.575,40,100,286.0,0.0389,69.4,LA
2006-11-06 21:40:00,717750,7,405,N,ML,0.505,39,100,294.0,0.0374,72.3,LA
2006-11-06 21:40:00,717751,7,405,S,ML,0.27,40,100,305.0,0.0399,70.8,LA
2006-11-06 21:40:00,717752,7,405,N,ML,0.43,32,100,211.0,0.033,62.5,LA
2006-11-06 21:40:00,717753,7,405,S,ML,0.49,32,100,213.0,0.0372,62.8,LA
2006-11-06 21:40:00,717755,7,405,N,ML,0.595,40,100,284.0,0.047,63.5,LA
2006-11-06 21:40:00,717756,7,405,N,HV,0.595,10,100,8.0,0.0149,61.0,LA
2006-11-06 21:40:00,717758,7,405,N,ML,0.415,39,100,279.0,0.0405,67.2,LA
2006-11-06 21:40:00,717759,7,405,N,HV,0.415,10,100,15.0,0.0063,65.2,LA
2006-11-06 21:40:00,717760,7,405,N,ML,0.48,40,100,263.0,0.0588,49.1,LA
2006-11-06 21:40:00,717761,7,405,N,HV,0.48,10,100,9.0,0.004,65.0,LA
2006-11-06 21:40:00,717769,7,405,N,ML,0.41,40,75,298.0,0.0424,70.4,LA
2006-11-06 21:40:00,717770,7,710,N,ML,0.36,40,100,181.0,0.0277,71.5,LA
2006-11-06 21:40:00,717776,7,405,N,ML,0.385,40,100,315.0,0.0461,69.9,LA
2006-11-06 21:40:00,717779,7,405,N,ML,0.9,40,100,332.0,0.0616,64.2,LA
2006-11-06 21:40:00,717794,7,405,N,ML,0.655,50,100,503.0,0.0582,68.1,LA
2006-11-06 21:40:00,717798,7,405,N,ML,0.725,50,100,237.0,0.024,71.0,LA
2006-11-06 21:40:00,717800,7,405,N,ML,0.51,50,100,418.0,0.046,69.9,LA
2006-11-06 21:40:00,717801,7,405,N,ML,0.875,50,100,451.0,0.0473,67.7,LA
2006-11-06 21:40:00,717804,7,405,N,ML,1.19,50,100,533.0,0.0579,68.0,LA
2006-11-06 21:40:00,717806,7,405,N,ML,0.885,50,100,534.0,0.0702,68.7,LA
2006-11-06 21:40:00,717818,7,405,N,ML,0.45,40,100,368.0,0.0481,70.9,LA
2006-11-06 21:40:00,717819,7,405,N,ML,0.78,40,100,374.0,0.0552,69.4,LA
2006-11-06 21:40:00,717821,7,405,S,ML,0.485,40,100,246.0,0.0336,69.4,LA
2006-11-06 21:40:00,717822,7,405,S,HV,0.485,10,100,6.0,0.0023,65.0,LA
2006-11-06 21:40:00,717823,7,405,N,ML,0.86,40,100,348.0,0.0502,65.1,LA
2006-11-06 21:40:00,717824,7,405,S,ML,0.73,40,100,229.0,0.0295,70.8,LA
2006-11-06 21:40:00,717825,7,405,N,ML,0.835,40,100,323.0,0.0432,68.4,LA
2006-11-06 21:40:00,717826,7,405,S,ML,0.595,40,100,185.0,0.0239,69.0,LA
2006-11-06 21:40:00,717828,7,405,S,ML,0.67,60,83,225.0,0.0222,69.4,LA
2006-11-06 21:40:00,717829,7,405,S,ML,2.488,60,67,212.0,0.0208,68.9,LA
2006-11-06 21:40:00,717831,7,605,N,ML,1.394,40,100,280.0,0.0425,68.6,LA
2006-11-06 21:40:00,717832,7,605,S,ML,1.379,40,100,232.0,0.0267,68.1,LA
2006-11-06 21:40:00,717833,7,605,S,ML,0.41,39,100,221.0,0.0739,64.4,LA
2006-11-06 21:40:00,717836,7,605,N,ML,0.41,36,100,257.0,0.0328,69.4,LA
2006-11-06 21:40:00,717838,7,605,S,ML,0.305,40,100,167.0,0.0278,64.7,LA
2006-11-06 21:40:00,717839,7,605,N,ML,0.3,39,100,283.0,0.0415,65.2,LA
2006-11-06 21:40:00,717842,7,605,S,ML,0.47,40,100,214.0,0.0219,67.5,LA
2006-11-06 21:40:00,717843,7,605,S,ML,0.325,40,100,195.0,0.0243,70.4,LA
2006-11-06 21:40:00,717844,7,605,N,ML,0.445,40,100,287.0,0.0373,67.5,LA
2006-11-06 21:40:00,717846,7,605,S,ML,0.445,40,100,209.0,0.0278,69.2,LA
2006-11-06 21:40:00,717847,7,605,S,ML,0.45,40,100,234.0,0.031,71.4,LA
2006-11-06 21:40:00,717848,7,605,S,ML,0.23,36,100,219.0,0.0268,65.8,LA
2006-11-06 21:40:00,717850,7,605,N,ML,0.445,40,100,220.0,0.0556,57.0,LA
2006-11-06 21:40:00,717851,7,605,N,ML,0.315,40,100,288.0,0.0277,67.2,LA
2006-11-06 21:40:00,717853,7,605,S,ML,0.315,34,100,190.0,0.1853,59.0,LA
2006-11-06 21:40:00,717854,7,605,N,ML,0.49,50,80,430.0,0.0383,74.8,LA
2006-11-06 21:40:00,717858,7,605,N,ML,0.245,49,80,280.0,0.0304,65.7,LA
2006-11-06 21:40:00,717859,7,605,S,ML,0.225,49,100,298.0,0.0383,72.0,LA
2006-11-06 21:40:00,717862,7,605,S,ML,0.275,50,100,159.0,0.023,63.7,LA
2006-11-06 21:40:00,717863,7,605,N,ML,0.26,49,100,227.0,0.031,61.2,LA
2006-11-06 21:40:00,717867,7,605,S,ML,0.275,50,80,340.0,0.0412,70.1,LA
2006-11-06 21:40:00,717871,7,605,S,ML,0.24,50,100,264.0,0.0263,70.0,LA
2006-11-06 21:40:00,717872,7,605,S,ML,0.632,40,100,260.0,0.029,75.2,LA
2006-11-06 21:40:00,717875,7,605,N,ML,0.775,50,100,362.0,0.0373,72.1,LA
2006-11-06 21:40:00,717876,7,605,N,HV,0.975,10,100,4.0,0.0011,65.0,LA
2006-11-06 21:40:00,717877,7,605,S,ML,0.705,40,100,282.0,0.0524,65.9,LA
2006-11-06 21:40:00,717881,7,605,N,ML,0.579,40,100,462.0,0.0826,73.7,LA
2006-11-06 21:40:00,717882,7,605,N,HV,0.579,10,100,15.0,0.0068,64.9,LA
2006-11-06 21:40:00,717884,7,605,S,ML,0.58,40,100,262.0,0.045,74.0,LA
2006-11-06 21:40:00,717885,7,605,S,ML,0.575,40,100,248.0,0.0383,63.9,LA
2006-11-06 21:40:00,717887,7,605,S,ML,0.525,40,100,255.0,0.0399,68.9,LA
2006-11-06 21:40:00,717888,7,605,N,ML,0.54,40,100,400.0,0.0708,72.6,LA
2006-11-06 21:40:00,717889,7,605,S,HV,0.525,10,100,11.0,0.0048,65.0,LA
2006-11-06 21:40:00,717892,7,605,N,HV,0.54,10,100,17.0,0.008,62.3,LA
2006-11-06 21:40:00,717893,7,605,N,ML,0.485,40,100,349.0,0.0487,68.1,LA
2006-11-06 21:40:00,717894,7,605,S,ML,0.305,40,100,221.0,0.0499,68.5,LA
2006-11-06 21:40:00,717896,7,605,S,ML,0.307,39,75,198.0,0.0318,65.0,LA
2006-11-06 21:40:00,717897,7,605,N,ML,0.505,40,100,407.0,0.0774,70.7,LA
2006-11-06 21:40:00,717898,7,605,S,ML,0.439,39,75,265.0,0.0516,65.1,LA
2006-11-06 21:40:00,717899,7,605,N,HV,0.505,10,100,17.0,0.0079,64.7,LA
2006-11-06 21:40:00,717903,7,605,N,ML,0.5,36,100,315.0,0.0473,64.0,LA
2006-11-06 21:40:00,717906,7,605,N,ML,0.324,40,100,299.0,0.0457,71.1,LA
2006-11-06 21:40:00,717907,7,605,S,ML,0.306,40,100,261.0,0.0413,70.0,LA
2006-11-06 21:40:00,717908,7,605,S,HV,0.306,10,100,18.0,0.0076,65.1,LA
2006-11-06 21:40:00,717909,7,605,N,ML,0.413,40,100,316.0,0.0655,66.1,LA
2006-11-06 21:40:00,717912,7,605,S,ML,0.455,40,100,247.0,0.0444,67.5,LA
2006-11-06 21:40:00,717914,7,605,S,ML,0.414,40,100,265.0,0.034,70.0,LA
2006-11-06 21:40:00,717915,7,605,N,ML,0.431,40,100,359.0,0.0651,65.2,LA
2006-11-06 21:40:00,717916,7,605,S,HV,0.414,10,100,21.0,0.0094,64.8,LA
2006-11-06 21:40:00,717920,7,605,N,HV,0.431,10,100,21.0,0.0102,65.0,LA
2006-11-06 21:40:00,717922,7,605,N,ML,0.291,40,100,377.0,0.0693,65.6,LA
2006-11-06 21:40:00,717925,7,605,S,ML,0.385,40,100,288.0,0.0506,68.5,LA
2006-11-06 21:40:00,717926,7,605,N,ML,0.385,40,100,356.0,0.0586,65.7,LA
2006-11-06 21:40:00,717929,7,605,N,ML,0.562,40,100,395.0,0.0847,70.0,LA
2006-11-06 21:40:00,717930,7,605,S,ML,0.55,40,75,288.0,0.0566,69.4,LA
2006-11-06 21:40:00,717933,7,605,S,ML,0.55,40,100,288.0,0.049,68.7,LA
2006-11-06 21:40:00,717934,7,605,N,ML,0.55,40,100,341.0,0.0473,68.3,LA
2006-11-06 21:40:00,717935,7,605,S,HV,0.55,10,100,15.0,0.0065,65.1,LA
2006-11-06 21:40:00,717938,7,605,N,HV,0.55,10,100,24.0,0.0109,64.6,LA
2006-11-06 21:40:00,717940,7,605,N,ML,0.26,40,100,305.0,0.0495,70.2,LA
2006-11-06 21:40:00,717942,7,605,S,ML,0.26,40,100,217.0,0.0577,53.3,LA
2006-11-06 21:40:00,717945,7,605,N,ML,0.312,35,50,237.0,0.031,65.8,LA
2006-11-06 21:40:00,717947,7,605,S,ML,1.099,40,100,261.0,0.0458,65.7,LA
2006-11-06 21:40:00,717951,7,605,S,ML,0.98,40,100,187.0,0.032,67.6,LA
2006-11-06 21:40:00,717954,7,605,N,ML,1.188,40,100,219.0,0.0319,63.1,LA
2006-11-06 21:40:00,717956,7,605,N,ML,1.034,40,100,197.0,0.0261,65.7,LA
2006-11-06 21:40:00,717957,7,605,S,ML,2.351,40,100,168.0,0.0194,69.7,LA
2006-11-06 21:40:00,717958,7,605,N,ML,1.948,40,100,209.0,0.029,70.7,LA
2006-11-06 21:40:00,717966,7,710,N,ML,1.145,40,60,311.0,0.0449,65.4,LA
2006-11-06 21:40:00,717968,7,710,N,ML,0.985,30,100,207.0,0.0567,65.4,LA
2006-11-06 21:40:00,717970,7,710,S,ML,0.635,45,100,270.0,0.0302,67.3,LA
2006-11-06 21:40:00,717977,7,710,N,ML,0.4,40,100,174.0,0.0209,69.6,LA
2006-11-06 21:40:00,717978,7,710,S,ML,0.6,36,75,140.0,0.0227,68.3,LA
2006-11-06 21:40:00,717980,7,710,S,ML,0.223,34,75,180.0,0.0388,60.6,LA
2006-11-06 21:40:00,717983,7,710,N,ML,0.76,40,100,273.0,0.0391,71.1,LA
2006-11-06 21:40:00,718010,7,710,N,ML,0.51,50,100,321.0,0.0399,71.1,LA
2006-11-06 21:40:00,718012,7,710,S,ML,0.64,45,100,242.0,0.0327,64.9,LA
2006-11-06 21:40:00,718014,7,710,N,ML,0.274,36,50,270.0,0.054,65.3,LA
2006-11-06 21:40:00,718016,7,710,N,ML,2.861,27,100,138.0,0.0303,66.2,LA
2006-11-06 21:40:00,718017,7,710,S,ML,0.591,27,100,143.0,0.0275,66.3,LA
2006-11-06 21:40:00,718018,7,710,S,ML,2.675,27,67,120.0,0.0288,71.3,LA
2006-11-06 21:40:00,718020,7,10,W,ML,0.5,60,100,214.0,0.0231,66.0,LA
2006-11-06 21:40:00,718041,7,110,S,ML,0.455,50,100,526.0,0.0659,69.8,LA
2006-11-06 21:40:00,718045,7,110,S,ML,0.975,29,100,177.0,0.0415,60.3,LA
2006-11-06 21:40:00,718046,7,110,N,ML,2.87,29,67,303.0,0.0677,64.9,LA
2006-11-06 21:40:00,718047,7,210,W,ML,2.2,40,100,90.0,0.0143,70.1,LA
2006-11-06 21:40:00,718051,7,57,N,ML,0.62,40,100,184.0,0.0295,60.9,LA
2006-11-06 21:40:00,718052,7,57,S,ML,0.44,40,100,171.0,0.0229,68.7,LA
2006-11-06 21:40:00,718053,7,57,N,ML,0.45,40,100,202.0,0.0331,68.4,LA
2006-11-06 21:40:00,718054,7,57,S,ML,1.21,50,100,170.0,0.022,71.2,LA
2006-11-06 21:40:00,718064,7,2,W,ML,0.599,40,100,122.0,0.0167,73.6,LA
2006-11-06 21:40:00,718066,7,2,W,ML,0.55,40,100,138.0,0.0193,68.1,LA
2006-11-06 21:40:00,718072,7,2,W,ML,0.335,40,100,49.0,0.0064,67.3,LA
2006-11-06 21:40:00,718076,7,2,W,ML,0.665,40,100,91.0,0.0119,63.7,LA
2006-11-06 21:40:00,718081,7,5,N,ML,0.575,30,100,245.0,0.0563,62.4,LA
2006-11-06 21:40:00,718086,7,5,N,ML,0.5,40,100,203.0,0.0276,68.5,LA
2006-11-06 21:40:00,718092,7,5,N,ML,0.235,40,100,354.0,0.0617,67.2,LA
2006-11-06 21:40:00,718102,7,710,N,ML,0.2,39,100,169.0,0.0254,71.0,LA
2006-11-06 21:40:00,718118,7,10,E,ML,0.445,40,100,297.0,0.0444,72.0,LA
2006-11-06 21:40:00,718119,7,10,E,ML,0.225,50,100,274.0,0.0287,72.8,LA
2006-11-06 21:40:00,718123,7,60,E,ML,0.91,40,100,338.0,0.0592,62.2,LA
2006-11-06 21:40:00,718125,7,60,W,ML,0.475,40,100,141.0,0.0272,62.2,LA
2006-11-06 21:40:00,718130,7,91,E,ML,0.36,40,100,253.0,0.0388,67.3,LA
2006-11-06 21:40:00,718141,7,101,N,ML,0.28,30,100,223.0,0.0394,68.7,LA
2006-11-06 21:40:00,718142,7,101,S,ML,0.315,40,100,254.0,0.0421,66.8,LA
2006-11-06 21:40:00,718144,7,101,S,ML,0.935,40,100,185.0,0.0223,72.3,LA
2006-11-06 21:40:00,718147,7,710,N,ML,1.815,40,100,263.0,0.0402,77.2,LA
2006-11-06 21:40:00,718151,7,710,N,ML,0.458,40,75,270.0,0.0449,66.4,LA
2006-11-06 21:40:00,718155,7,105,E,ML,0.6,30,100,349.0,0.0448,79.1,LA
2006-11-06 21:40:00,718164,7,110,N,ML,0.48,40,100,351.0,0.0371,69.6,LA
2006-11-06 21:40:00,718165,7,110,N,ML,1.93,30,33,268.0,0.0608,64.3,LA
2006-11-06 21:40:00,718166,7,110,S,ML,0.5,29,100,241.0,0.0461,66.0,LA
2006-11-06 21:40:00,718210,7,210,W,ML,0.68,36,100,223.0,0.0358,67.5,LA
2006-11-06 21:40:00,718219,7,405,N,ML,0.565,39,100,247.0,0.0342,60.5,LA
2006-11-06 21:40:00,718221,7,405,S,ML,0.645,40,100,287.0,0.0372,68.1,LA
2006-11-06 21:40:00,718223,7,405,S,ML,0.475,40,100,274.0,0.04,65.6,LA
2006-11-06 21:40:00,718226,7,405,S,ML,0.275,40,100,259.0,0.0358,68.1,LA
2006-11-06 21:40:00,718227,7,405,N,ML,0.415,50,80,277.0,0.0298,72.8,LA
2006-11-06 21:40:00,718229,7,405,S,ML,0.315,50,80,269.0,0.027,72.9,LA
2006-11-06 21:40:00,718230,7,405,S,HV,0.315,10,100,21.0,0.0101,64.8,LA
2006-11-06 21:40:00,718232,7,405,S,ML,0.425,40,75,217.0,0.0304,66.2,LA
2006-11-06 21:40:00,718233,7,405,N,HV,0.27,10,100,14.0,0.0063,65.1,LA
2006-11-06 21:40:00,718235,7,405,S,ML,0.495,50,100,306.0,0.0349,73.8,LA
2006-11-06 21:40:00,718236,7,405,S,HV,0.495,10,100,22.0,0.0098,64.9,LA
2006-11-06 21:40:00,718240,7,405,S,ML,0.507,40,100,196.0,0.0541,52.1,LA
2006-11-06 21:40:00,718245,7,405,S,ML,0.535,50,100,293.0,0.0332,67.7,LA
2006-11-06 21:40:00,718247,7,405,S,ML,0.705,40,100,258.0,0.045,61.7,LA
2006-11-06 21:40:00,718249,7,405,S,ML,0.71,50,100,322.0,0.0497,63.4,LA
2006-11-06 21:40:00,718251,7,405,N,ML,0.985,40,100,304.0,0.0293,67.4,LA
2006-11-06 21:40:00,718256,7,405,S,ML,0.665,40,100,306.0,0.0499,65.4,LA
2006-11-06 21:40:00,718257,7,405,S,HV,0.665,10,100,18.0,0.0082,60.8,LA
2006-11-06 21:40:00,718258,7,405,S,ML,0.88,40,100,307.0,0.0315,71.2,LA
2006-11-06 21:40:00,718259,7,405,N,ML,0.565,40,100,266.0,0.0453,62.5,LA
2006-11-06 21:40:00,718260,7,405,S,HV,0.63,8,100,11.0,0.005,65.0,LA
2006-11-06 21:40:00,718265,7,405,S,ML,0.52,40,100,308.0,0.0416,69.7,LA
2006-11-06 21:40:00,718266,7,405,N,ML,0.52,40,100,305.0,0.0435,70.4,LA
2006-11-06 21:40:00,718267,7,405,N,ML,0.615,40,100,377.0,0.0435,73.5,LA
2006-11-06 21:40:00,718270,7,405,S,HV,0.33,10,100,14.0,0.0056,65.3,LA
2006-11-06 21:40:00,718277,7,405,S,ML,0.48,40,100,261.0,0.0484,61.0,LA
2006-11-06 21:40:00,718278,7,405,S,HV,0.48,10,100,13.0,0.006,64.9,LA
2006-11-06 21:40:00,718284,7,405,S,ML,0.517,40,100,259.0,0.0307,70.5,LA
2006-11-06 21:40:00,718287,7,405,S,ML,0.9,40,100,319.0,0.0432,66.9,LA
2006-11-06 21:40:00,718290,7,405,S,ML,0.79,50,80,522.0,0.0639,67.6,LA
2006-11-06 21:40:00,718291,7,405,N,ML,0.95,50,100,437.0,0.0566,66.0,LA
2006-11-06 21:40:00,718292,7,405,N,ML,0.715,40,100,352.0,0.1001,64.3,LA
2006-11-06 21:40:00,718312,7,405,S,ML,1.19,40,100,320.0,0.0452,69.0,LA
2006-11-06 21:40:00,718313,7,405,S,HV,1.19,10,100,26.0,0.0133,64.5,LA
2006-11-06 21:40:00,718314,7,405,S,ML,0.91,40,75,329.0,0.0471,69.6,LA
2006-11-06 21:40:00,718321,7,710,S,ML,0.17,36,100,230.0,0.038,67.5,LA
2006-11-06 21:40:00,718331,7,10,W,HV,2.855,10,100,7.0,0.0036,65.0,LA
2006-11-06 21:40:00,718332,7,10,W,ML,0.37,40,100,381.0,0.0338,74.6,LA
2006-11-06 21:40:00,718356,7,57,N,ML,0.72,40,100,193.0,0.031,66.6,LA
2006-11-06 21:40:00,718358,7,5,N,ML,0.6,30,100,262.0,0.0454,74.4,LA
2006-11-06 21:40:00,718364,7,5,S,ML,0.57,40,100,276.0,0.0387,70.2,LA
2006-11-06 21:40:00,718371,7,5,N,ML,0.35,50,100,439.0,0.0544,68.7,LA
2006-11-06 21:40:00,718379,7,5,S,ML,0.905,50,80,319.0,0.0411,70.5,LA
2006-11-06 21:40:00,718389,7,5,N,ML,0.315,49,100,654.0,0.0697,77.1,LA
2006-11-06 21:40:00,718411,7,10,W,ML,0.47,30,33,179.0,0.0294,65.1,LA
2006-11-06 21:40:00,718421,7,10,E,ML,0.53,50,100,388.0,0.041,69.1,LA
2006-11-06 21:40:00,718441,7,405,S,HV,0.425,10,100,20.0,0.0103,64.7,LA
2006-11-06 21:40:00,718442,7,405,N,HV,0.495,10,100,13.0,0.0074,64.7,LA
2006-11-06 21:40:00,718445,7,10,E,ML,0.27,40,100,354.0,0.0491,66.5,LA
2006-11-06 21:40:00,718448,7,210,E,HV,1.85,10,100,16.0,0.0074,64.8,LA
2006-11-06 21:40:00,718466,7,605,N,ML,0.35,40,100,281.0,0.0396,69.6,LA
2006-11-06 21:40:00,718469,7,210,E,ML,0.563,40,100,257.0,0.0429,65.1,LA
2006-11-06 21:40:00,718479,7,405,S,ML,0.33,40,100,308.0,0.0498,65.5,LA
2006-11-06 21:40:00,718480,7,405,S,HV,0.33,10,100,17.0,0.0081,65.0,LA
2006-11-06 21:40:00,718488,7,710,N,ML,0.4,60,100,334.0,0.0365,58.0,LA
2006-11-06 21:40:00,737152,7,605,S,ML,0.52,40,100,186.0,0.0293,69.9,LA
2006-11-06 21:40:00,737158,7,10,E,ML,0.38,40,20,465.0,0.05,68.3,LA
2006-11-06 21:40:00,737278,7,10,E,ML,0.355,40,100,365.0,0.0522,67.3,LA
2006-11-06 21:40:00,737329,7,10,W,ML,0.135,30,100,76.0,0.0253,60.4,LA
2006-11-06 21:40:00,737433,7,101,N,ML,2.275,38,100,174.0,0.026,72.6,LA
2006-11-06 21:40:00,737490,7,210,E,HV,0.429,10,100,23.0,0.014,65.1,LA
2006-11-06 21:40:00,737504,7,605,S,ML,0.735,40,100,236.0,0.0331,65.5,LA
2006-11-06 21:40:00,737529,7,405,S,ML,0.47,40,100,233.0,0.0312,66.8,LA
2006-11-06 21:40:00,759142,7,118,E,ML,0.41,30,100,149.0,0.0231,69.5,LA
2006-11-06 21:40:00,759165,7,118,W,ML,0.47,30,67,85.0,0.015,66.6,LA
2006-11-06 21:40:00,759271,7,101,N,ML,1.25,40,75,206.0,0.0339,68.0,LA
2006-11-06 21:40:00,759280,7,10,E,ML,0.27,30,100,238.0,0.0424,68.2,LA
2006-11-06 21:40:00,759416,7,110,S,ML,0.185,40,100,216.0,0.0299,72.6,LA
2006-11-06 21:40:00,759418,7,110,S,ML,0.16,40,50,217.0,0.0303,65.2,LA
2006-11-06 21:40:00,759422,7,405,S,ML,0.24,40,100,338.0,0.0454,70.0,LA
2006-11-06 21:40:00,759427,7,405,N,ML,1.039,40,75,233.0,0.0285,69.3,LA
2006-11-06 21:40:00,759513,7,5,N,ML,0.335,30,100,232.0,0.0471,63.3,LA
2006-11-06 21:40:00,759518,7,5,N,ML,0.3,30,67,213.0,0.0516,58.1,LA
2006-11-06 21:40:00,759531,7,5,N,ML,0.305,40,100,257.0,0.0425,72.3,LA
2006-11-06 21:40:00,759542,7,5,N,ML,0.295,40,100,233.0,0.0582,59.5,LA
2006-11-06 21:40:00,759552,7,5,N,ML,0.545,40,100,218.0,0.0435,64.9,LA
2006-11-06 21:40:00,759566,7,5,N,ML,0.395,50,100,317.0,0.0358,70.5,LA
2006-11-06 21:40:00,759576,7,5,N,ML,0.485,50,100,369.0,0.0511,69.4,LA
2006-11-06 21:40:00,759591,7,5,N,ML,0.67,40,100,304.0,0.0495,67.4,LA
2006-11-06 21:40:00,759648,7,5,N,ML,1.365,40,75,203.0,0.0422,68.5,LA
2006-11-06 21:40:00,759654,7,5,N,ML,1.12,40,100,223.0,0.0348,67.9,LA
2006-11-06 21:40:00,759707,7,5,S,ML,0.675,50,100,385.0,0.0513,69.9,LA
2006-11-06 21:40:00,759762,7,5,S,ML,0.3,32,100,288.0,0.0544,65.8,LA
2006-11-06 21:40:00,759772,7,5,S,ML,0.35,32,100,287.0,0.0494,66.9,LA
2006-11-06 21:40:00,759783,7,5,S,ML,0.69,40,75,269.0,0.0414,67.2,LA
2006-11-06 21:40:00,759822,7,5,S,ML,0.245,50,40,208.0,0.0303,67.5,LA
2006-11-06 21:40:00,759870,7,5,S,ML,1.465,40,100,184.0,0.0378,67.8,LA
2006-11-06 21:40:00,759888,7,5,S,ML,0.4,40,50,263.0,0.0331,64.7,LA
2006-11-06 21:40:00,759906,7,5,S,ML,1.0,40,100,133.0,0.0281,67.7,LA
2006-11-06 21:40:00,759933,7,5,S,ML,4.015,20,50,107.0,0.0226,60.9,LA
2006-11-06 21:40:00,759974,7,91,E,HV,0.42,10,100,7.0,0.0028,65.2,LA
2006-11-06 21:40:00,759975,7,91,E,HV,0.405,10,100,7.0,0.0027,65.1,LA
2006-11-06 21:40:00,759979,7,91,E,HV,0.195,10,100,9.0,0.004,64.9,LA
2006-11-06 21:40:00,759980,7,91,E,ML,0.195,40,100,272.0,0.0348,70.2,LA
2006-11-06 21:40:00,759981,7,91,W,HV,0.7,10,100,6.0,0.003,65.0,LA
2006-11-06 21:40:00,759982,7,91,W,HV,1.34,10,100,5.0,0.0024,64.8,LA
2006-11-06 21:40:00,759987,7,91,W,HV,0.27,10,100,13.0,0.0063,64.7,LA
2006-11-06 21:40:00,759989,7,91,W,HV,0.245,10,100,17.0,0.0058,65.0,LA
2006-11-06 21:40:00,759990,7,91,W,HV,0.35,10,100,20.0,0.0071,65.1,LA
2006-11-06 21:40:00,759991,7,91,E,HV,0.32,10,100,10.0,0.004,65.1,LA
2006-11-06 21:40:00,759992,7,91,E,HV,0.886,10,100,9.0,0.0043,65.0,LA
2006-11-06 21:40:00,759993,7,91,W,HV,0.921,10,100,18.0,0.0085,65.1,LA
2006-11-06 21:40:00,759996,7,91,E,HV,0.93,9,100,2.0,0.0009,64.9,LA
2006-11-06 21:40:00,760002,7,101,N,ML,2.07,40,100,291.0,0.0334,70.8,LA
2006-11-06 21:40:00,760024,7,101,S,ML,0.72,50,100,564.0,0.0547,72.4,LA
2006-11-06 21:40:00,760046,7,105,E,ML,1.1,30,100,181.0,0.0433,66.5,LA
2006-11-06 21:40:00,760063,7,105,E,ML,0.6,30,100,65.0,0.0193,69.1,LA
2006-11-06 21:40:00,760073,7,105,E,HV,0.55,10,100,48.0,0.0236,64.3,LA
2006-11-06 21:40:00,760074,7,105,E,ML,0.55,40,100,319.0,0.0402,70.0,LA
2006-11-06 21:40:00,760080,7,105,E,ML,0.55,30,100,301.0,0.0615,67.3,LA
2006-11-06 21:40:00,760085,7,105,E,HV,0.55,10,100,61.0,0.0279,64.8,LA
2006-11-06 21:40:00,760090,7,105,E,HV,0.5,10,100,62.0,0.0198,63.6,LA
2006-11-06 21:40:00,760100,7,105,E,HV,0.35,10,100,58.0,0.0285,64.8,LA
2006-11-06 21:40:00,760101,7,105,E,ML,0.35,30,100,314.0,0.0682,66.7,LA
2006-11-06 21:40:00,760110,7,105,E,HV,0.45,10,100,55.0,0.0285,66.7,LA
2006-11-06 21:40:00,760112,7,105,E,ML,0.45,40,75,340.0,0.0512,65.6,LA
2006-11-06 21:40:00,760117,7,105,E,HV,0.55,10,100,67.0,0.0515,53.3,LA
2006-11-06 21:40:00,760122,7,105,E,HV,0.55,10,100,62.0,0.0321,56.5,LA
2006-11-06 21:40:00,760147,7,105,W,HV,0.55,10,100,38.0,0.0209,63.1,LA
2006-11-06 21:40:00,760166,7,105,E,HV,0.6,10,100,25.0,0.0108,64.3,LA
2006-11-06 21:40:00,760167,7,105,E,ML,0.125,30,100,220.0,0.0444,61.8,LA
2006-11-06 21:40:00,760178,7,105,E,HV,0.4,10,100,35.0,0.0125,63.8,LA
2006-11-06 21:40:00,760187,7,105,E,ML,0.65,30,100,261.0,0.0464,69.2,LA
2006-11-06 21:40:00,760188,7,105,E,HV,0.65,10,100,31.0,0.0262,60.0,LA
2006-11-06 21:40:00,760196,7,105,E,ML,0.75,30,100,258.0,0.0532,69.1,LA
2006-11-06 21:40:00,760199,7,105,E,HV,0.75,10,100,17.0,0.0079,66.5,LA
2006-11-06 21:40:00,760213,7,105,E,HV,0.6,10,100,44.0,0.0222,66.6,LA
2006-11-06 21:40:00,760224,7,105,E,HV,0.5,10,100,30.0,0.014,66.9,LA
2006-11-06 21:40:00,760226,7,105,E,ML,0.5,30,33,312.0,0.1113,60.3,LA
2006-11-06 21:40:00,760236,7,105,E,ML,0.45,30,67,286.0,0.0696,61.9,LA
2006-11-06 21:40:00,760242,7,105,E,HV,0.65,10,100,54.0,0.0119,66.8,LA
2006-11-06 21:40:00,760246,7,105,E,HV,0.6,10,100,54.0,0.0205,70.2,LA
2006-11-06 21:40:00,760256,7,105,W,HV,0.1,10,100,28.0,0.0074,66.6,LA
2006-11-06 21:40:00,760267,7,105,E,HV,0.305,10,100,40.0,0.0171,64.8,LA
2006-11-06 21:40:00,760279,7,105,E,HV,0.47,10,100,31.0,0.0132,60.2,LA
2006-11-06 21:40:00,760283,7,105,E,ML,0.45,29,100,226.0,0.0341,59.0,LA
2006-11-06 21:40:00,760289,7,105,E,HV,0.45,10,100,21.0,0.0112,59.3,LA
2006-11-06 21:40:00,760293,7,105,E,HV,0.4,10,100,27.0,0.012,63.4,LA
2006-11-06 21:40:00,760320,7,105,E,HV,0.45,10,100,33.0,0.0144,63.9,LA
2006-11-06 21:40:00,760329,7,105,E,HV,0.5,9,100,14.0,0.006,65.0,LA
2006-11-06 21:40:00,760330,7,105,E,ML,0.5,27,100,283.0,0.0665,68.2,LA
2006-11-06 21:40:00,760333,7,105,W,HV,0.4,9,100,6.0,0.0022,65.0,LA
2006-11-06 21:40:00,760358,7,105,W,ML,0.415,20,50,11.0,0.0043,66.6,LA
2006-11-06 21:40:00,760369,7,105,W,ML,0.4,36,100,311.0,0.0375,70.1,LA
2006-11-06 21:40:00,760375,7,105,W,ML,0.4,40,100,306.0,0.0576,70.3,LA
2006-11-06 21:40:00,760380,7,105,W,HV,0.4,10,100,20.0,0.0253,61.0,LA
2006-11-06 21:40:00,760384,7,105,W,ML,0.45,30,100,310.0,0.0622,60.4,LA
2006-11-06 21:40:00,760387,7,105,W,HV,0.45,10,100,20.0,0.0091,64.4,LA
2006-11-06 21:40:00,760395,7,105,W,HV,0.35,10,100,24.0,0.0213,73.8,LA
2006-11-06 21:40:00,760398,7,105,W,ML,0.35,30,100,310.0,0.0905,72.5,LA
2006-11-06 21:40:00,760424,7,105,W,HV,0.7,10,100,28.0,0.0142,65.0,LA
2006-11-06 21:40:00,760426,7,105,W,ML,0.7,30,100,258.0,0.0568,65.9,LA
2006-11-06 21:40:00,760432,7,105,W,HV,0.6,10,100,32.0,0.0158,67.7,LA
2006-11-06 21:40:00,760440,7,105,W,ML,0.4,30,100,297.0,0.069,63.6,LA
2006-11-06 21:40:00,760442,7,105,W,HV,0.4,10,100,40.0,0.0198,65.1,LA
2006-11-06 21:40:00,760452,7,105,W,ML,0.5,30,100,276.0,0.0603,67.3,LA
2006-11-06 21:40:00,760454,7,105,W,HV,0.5,10,100,39.0,0.02,65.1,LA
2006-11-06 21:40:00,760465,7,105,W,HV,0.5,10,100,39.0,0.0161,61.6,LA
2006-11-06 21:40:00,760473,7,105,W,ML,0.405,36,100,319.0,0.0468,70.1,LA
2006-11-06 21:40:00,760476,7,105,W,HV,0.55,9,100,58.0,0.0303,67.1,LA
2006-11-06 21:40:00,760481,7,105,W,ML,0.3,30,100,217.0,0.0457,55.6,LA
2006-11-06 21:40:00,760490,7,105,W,HV,0.65,10,100,37.0,0.0198,64.1,LA
2006-11-06 21:40:00,760496,7,105,W,ML,0.3,50,100,321.0,0.0384,61.9,LA
2006-11-06 21:40:00,760505,7,105,W,HV,0.3,10,100,39.0,0.0192,62.3,LA
2006-11-06 21:40:00,760512,7,105,W,ML,0.55,30,100,222.0,0.0511,64.7,LA
2006-11-06 21:40:00,760519,7,105,W,HV,0.55,10,100,34.0,0.0167,56.2,LA
2006-11-06 21:40:00,760525,7,105,W,HV,0.65,10,100,39.0,0.0203,63.7,LA
2006-11-06 21:40:00,760532,7,105,W,HV,0.5,10,100,22.0,0.0113,65.7,LA
2006-11-06 21:40:00,760535,7,105,W,ML,0.5,30,100,223.0,0.0489,62.9,LA
2006-11-06 21:40:00,760545,7,105,W,HV,0.5,10,100,33.0,0.0112,65.7,LA
2006-11-06 21:40:00,760550,7,105,W,HV,0.455,10,100,19.0,0.0079,64.9,LA
2006-11-06 21:40:00,760568,7,105,W,ML,0.35,29,67,264.0,0.0611,65.6,LA
2006-11-06 21:40:00,760572,7,105,W,HV,0.35,10,100,19.0,0.0107,58.6,LA
2006-11-06 21:40:00,760580,7,105,W,HV,0.55,10,100,27.0,0.0077,66.0,LA
2006-11-06 21:40:00,760585,7,105,W,HV,0.45,10,100,21.0,0.0103,64.8,LA
2006-11-06 21:40:00,760598,7,105,W,HV,0.3,10,100,12.0,0.0053,65.1,LA
2006-11-06 21:40:00,760599,7,105,W,ML,0.3,30,33,257.0,0.0599,57.7,LA
2006-11-06 21:40:00,760604,7,105,W,HV,0.3,10,100,22.0,0.0099,65.5,LA
2006-11-06 21:40:00,760606,7,105,W,ML,0.3,30,67,249.0,0.0425,67.4,LA
2006-11-06 21:40:00,760617,7,105,W,HV,0.595,10,100,204.0,0.0977,45.9,LA
2006-11-06 21:40:00,760619,7,105,W,ML,0.595,29,100,136.0,0.017,56.9,LA
2006-11-06 21:40:00,760650,7,110,S,ML,1.296,44,80,232.0,0.0376,55.7,LA
2006-11-06 21:40:00,760672,7,118,W,HV,0.625,10,100,3.0,0.0012,65.0,LA
2006-11-06 21:40:00,760677,7,118,W,HV,2.71,10,100,3.0,0.0013,65.0,LA
2006-11-06 21:40:00,760693,7,118,E,ML,1.786,20,100,51.0,0.0169,67.3,LA
2006-11-06 21:40:00,760718,7,118,E,ML,0.255,30,100,107.0,0.0175,70.2,LA
2006-11-06 21:40:00,760726,7,118,E,ML,0.34,30,100,111.0,0.0203,69.0,LA
2006-11-06 21:40:00,760738,7,118,E,ML,0.26,30,100,110.0,0.0207,68.7,LA
2006-11-06 21:40:00,760756,7,118,E,ML,0.285,30,100,114.0,0.0216,67.4,LA
2006-11-06 21:40:00,760765,7,118,E,ML,0.44,30,100,103.0,0.0168,65.8,LA
2006-11-06 21:40:00,760814,7,118,E,ML,0.235,20,100,71.0,0.0217,72.3,LA
2006-11-06 21:40:00,760827,7,118,W,HV,2.255,10,100,5.0,0.0024,64.9,LA
2006-11-06 21:40:00,760828,7,118,W,ML,2.255,40,100,121.0,0.0202,67.5,LA
2006-11-06 21:40:00,760832,7,118,W,HV,1.405,10,100,3.0,0.0014,65.0,LA
2006-11-06 21:40:00,760835,7,118,W,HV,1.425,10,100,2.0,0.001,65.0,LA
2006-11-06 21:40:00,760840,7,118,W,HV,1.58,10,100,3.0,0.0013,65.0,LA
2006-11-06 21:40:00,760844,7,118,W,HV,1.43,10,100,4.0,0.0115,62.2,LA
2006-11-06 21:40:00,760869,7,118,W,ML,1.756,30,33,114.0,0.0321,61.7,LA
2006-11-06 21:40:00,760892,7,118,W,ML,0.28,30,100,110.0,0.0234,65.5,LA
2006-11-06 21:40:00,760900,7,118,W,ML,0.325,30,100,90.0,0.0179,67.7,LA
2006-11-06 21:40:00,760921,7,118,W,ML,0.34,30,100,91.0,0.0179,65.4,LA
2006-11-06 21:40:00,760987,7,134,E,ML,1.045,40,100,256.0,0.031,72.5,LA
2006-11-06 21:40:00,760989,7,134,E,HV,1.045,10,100,9.0,0.0042,64.9,LA
2006-11-06 21:40:00,761005,7,134,E,HV,0.895,10,100,5.0,0.0031,66.2,LA
2006-11-06 21:40:00,761009,7,134,E,HV,0.655,10,100,3.0,0.0015,64.8,LA
2006-11-06 21:40:00,761014,7,134,E,HV,0.68,10,100,6.0,0.0023,58.1,LA
2006-11-06 21:40:00,761035,7,134,W,HV,1.9,10,100,10.0,0.0044,65.0,LA
2006-11-06 21:40:00,761038,7,134,W,HV,1.025,10,100,5.0,0.0022,65.0,LA
2006-11-06 21:40:00,761041,7,134,W,HV,0.585,10,100,8.0,0.0036,65.6,LA
2006-11-06 21:40:00,761044,7,134,W,HV,1.001,10,100,10.0,0.006,65.1,LA
2006-11-06 21:40:00,761066,7,170,S,HV,0.35,10,100,4.0,0.0019,64.9,LA
2006-11-06 21:40:00,761093,7,210,E,HV,0.675,10,100,10.0,0.0049,64.8,LA
2006-11-06 21:40:00,761098,7,210,E,HV,0.71,10,100,19.0,0.0101,55.0,LA
2006-11-06 21:40:00,761102,7,210,E,HV,0.58,10,100,23.0,0.013,56.5,LA
2006-11-06 21:40:00,761105,7,210,E,HV,0.77,10,100,26.0,0.0124,64.7,LA
2006-11-06 21:40:00,761115,7,210,E,HV,1.025,10,100,32.0,0.0138,64.8,LA
2006-11-06 21:40:00,761117,7,210,E,HV,0.955,10,100,26.0,0.0111,64.5,LA
2006-11-06 21:40:00,761199,7,210,E,HV,1.36,10,100,25.0,0.0109,65.5,LA
2006-11-06 21:40:00,761206,7,210,E,ML,1.36,40,100,269.0,0.0222,71.1,LA
2006-11-06 21:40:00,761214,7,210,E,HV,0.815,10,100,22.0,0.0109,64.9,LA
2006-11-06 21:40:00,761220,7,210,E,ML,0.815,40,100,298.0,0.0487,68.9,LA
2006-11-06 21:40:00,761222,7,210,E,HV,0.755,10,100,22.0,0.0104,64.8,LA
2006-11-06 21:40:00,761240,7,210,E,HV,0.565,10,100,18.0,0.0074,65.5,LA
2006-11-06 21:40:00,761318,7,210,W,HV,0.56,10,100,10.0,0.0051,65.4,LA
2006-11-06 21:40:00,761322,7,210,W,HV,0.955,10,100,56.0,0.0246,68.5,LA
2006-11-06 21:40:00,761325,7,210,W,HV,0.805,8,100,11.0,0.0055,65.5,LA
2006-11-06 21:40:00,761329,7,210,W,HV,0.43,10,100,15.0,0.0069,64.9,LA
2006-11-06 21:40:00,761353,7,210,W,HV,0.925,10,100,10.0,0.0056,65.0,LA
2006-11-06 21:40:00,761356,7,210,W,ML,0.925,40,75,216.0,0.0797,50.6,LA
2006-11-06 21:40:00,761363,7,210,W,HV,0.68,9,100,11.0,0.0044,64.3,LA
2006-11-06 21:40:00,761380,7,210,W,HV,1.33,9,100,12.0,0.0048,64.9,LA
2006-11-06 21:40:00,761384,7,210,W,HV,0.544,10,100,4.0,0.0024,65.0,LA
2006-11-06 21:40:00,761386,7,210,W,HV,0.375,10,100,9.0,0.0039,65.1,LA
2006-11-06 21:40:00,761388,7,210,W,HV,0.37,9,100,10.0,0.0041,65.1,LA
2006-11-06 21:40:00,761390,7,210,W,HV,0.94,10,100,8.0,0.0032,65.2,LA
2006-11-06 21:40:00,761396,7,210,W,HV,2.2,10,100,2.0,0.0006,65.4,LA
2006-11-06 21:40:00,761435,7,405,N,HV,0.355,10,100,10.0,0.0042,65.1,LA
2006-11-06 21:40:00,761441,7,405,N,HV,0.52,10,100,13.0,0.0058,65.0,LA
2006-11-06 21:40:00,761444,7,405,N,HV,0.505,10,100,14.0,0.006,65.1,LA
2006-11-06 21:40:00,761445,7,405,S,HV,0.27,10,100,14.0,0.0056,65.1,LA
2006-11-06 21:40:00,761452,7,405,N,HV,0.235,10,100,12.0,0.0049,65.1,LA
2006-11-06 21:40:00,761455,7,405,N,ML,0.235,40,100,305.0,0.0391,68.8,LA
2006-11-06 21:40:00,761482,7,405,N,ML,0.667,60,100,324.0,0.0266,72.3,LA
2006-11-06 21:40:00,761492,7,405,N,ML,0.34,40,100,235.0,0.0307,71.0,LA
2006-11-06 21:40:00,761531,7,405,S,HV,0.48,10,100,17.0,0.0072,64.9,LA
2006-11-06 21:40:00,761532,7,405,N,HV,0.615,10,100,13.0,0.005,65.1,LA
2006-11-06 21:40:00,761538,7,405,S,HV,0.41,10,100,12.0,0.005,64.9,LA
2006-11-06 21:40:00,761541,7,405,S,ML,0.515,40,100,313.0,0.0433,66.8,LA
2006-11-06 21:40:00,761548,7,405,S,HV,0.255,10,100,10.0,0.0048,64.9,LA
2006-11-06 21:40:00,761552,7,405,S,ML,0.325,40,100,283.0,0.0588,57.8,LA
2006-11-06 21:40:00,761599,7,5,N,ML,1.17,50,100,324.0,0.0392,70.5,LA
2006-11-06 21:40:00,761644,7,5,N,ML,0.415,39,75,250.0,0.0404,64.1,LA
2006-11-06 21:40:00,761675,7,605,N,ML,0.435,40,100,253.0,0.0354,67.3,LA
2006-11-06 21:40:00,761734,7,710,N,ML,0.545,50,100,315.0,0.0443,69.7,LA
2006-11-06 21:40:00,761776,7,710,S,ML,0.75,36,100,271.0,0.042,67.3,LA
2006-11-06 21:40:00,761844,7,605,N,ML,0.725,40,100,284.0,0.0345,68.4,LA
2006-11-06 21:40:00,761851,7,710,S,ML,0.45,54,83,387.0,0.0445,60.0,LA
2006-11-06 21:40:00,762329,7,2,W,ML,0.4,40,100,97.0,0.0123,66.4,LA
2006-11-06 21:40:00,762347,7,5,N,ML,0.35,40,100,237.0,0.0324,63.8,LA
2006-11-06 21:40:00,762353,7,5,N,ML,0.48,40,100,238.0,0.0365,63.5,LA
2006-11-06 21:40:00,762404,7,10,E,HV,2.746,10,100,2.0,0.0008,65.4,LA
2006-11-06 21:40:00,762405,7,10,W,HV,2.621,10,100,11.0,0.0051,65.2,LA
2006-11-06 21:40:00,762423,7,10,W,HV,0.37,10,100,12.0,0.0057,64.9,LA
2006-11-06 21:40:00,762436,7,10,W,HV,0.3,10,100,16.0,0.0074,65.5,LA
2006-11-06 21:40:00,762449,7,10,E,HV,0.685,10,100,23.0,0.0121,66.3,LA
2006-11-06 21:40:00,762451,7,10,E,HV,0.559,9,100,13.0,0.0072,62.5,LA
2006-11-06 21:40:00,762453,7,10,E,HV,0.47,10,100,25.0,0.1001,18.0,LA
2006-11-06 21:40:00,762455,7,10,E,HV,0.535,10,100,22.0,0.015,61.2,LA
2006-11-06 21:40:00,762457,7,10,E,HV,0.51,10,100,12.0,0.0075,64.7,LA
2006-11-06 21:40:00,762459,7,10,E,HV,0.46,10,100,16.0,0.01,64.4,LA
2006-11-06 21:40:00,762461,7,10,E,HV,0.525,10,100,20.0,0.011,65.4,LA
2006-11-06 21:40:00,762470,7,10,W,HV,0.465,6,100,7.0,0.003,65.1,LA
2006-11-06 21:40:00,762474,7,10,W,HV,0.37,10,100,15.0,0.0068,65.6,LA
2006-11-06 21:40:00,762480,7,10,W,HV,0.385,20,100,59.0,0.014,67.6,LA
2006-11-06 21:40:00,762482,7,10,W,HV,0.29,10,100,19.0,0.006,66.0,LA
2006-11-06 21:40:00,762484,7,10,W,HV,0.395,10,100,12.0,0.0053,65.3,LA
2006-11-06 21:40:00,762486,7,10,W,HV,0.499,10,100,23.0,0.0092,66.1,LA
2006-11-06 21:40:00,762488,7,10,W,HV,0.506,10,100,14.0,0.006,64.7,LA
2006-11-06 21:40:00,762491,7,10,W,HV,0.425,10,100,14.0,0.0076,64.8,LA
2006-11-06 21:40:00,762492,7,10,E,HV,0.42,10,100,24.0,0.014,63.9,LA
2006-11-06 21:40:00,762494,7,10,W,HV,0.48,10,100,11.0,0.0049,65.2,LA
2006-11-06 21:40:00,762496,7,10,W,HV,0.5,10,100,6.0,0.0026,65.2,LA
2006-11-06 21:40:00,762498,7,10,W,HV,0.319,10,100,6.0,0.0029,65.3,LA
2006-11-06 21:40:00,762500,7,10,W,HV,0.441,10,100,7.0,0.0027,65.4,LA
2006-11-06 21:40:00,762504,7,10,W,HV,0.48,18,100,19.0,0.0047,63.5,LA
2006-11-06 21:40:00,762517,7,405,N,HV,0.85,10,100,17.0,0.0085,63.8,LA
2006-11-06 21:40:00,762518,7,405,S,HV,0.75,10,100,20.0,0.0092,64.8,LA
2006-11-06 21:40:00,762520,7,405,N,HV,0.565,10,100,20.0,0.0095,64.8,LA
2006-11-06 21:40:00,762523,7,405,N,HV,0.675,10,100,20.0,0.0092,65.2,LA
2006-11-06 21:40:00,762526,7,405,N,HV,0.505,10,100,17.0,0.0082,65.1,LA
2006-11-06 21:40:00,762528,7,405,N,HV,0.175,10,100,17.0,0.0084,65.1,LA
2006-11-06 21:40:00,762531,7,405,N,HV,0.325,10,100,14.0,0.0065,64.9,LA
2006-11-06 21:40:00,762533,7,405,N,HV,0.447,10,100,13.0,0.0047,65.0,LA
2006-11-06 21:40:00,762538,7,405,N,HV,0.735,9,100,14.0,0.0062,62.5,LA
2006-11-06 21:40:00,762541,7,405,N,HV,0.725,10,100,11.0,0.0053,65.0,LA
2006-11-06 21:40:00,762543,7,405,N,HV,0.985,10,100,15.0,0.0071,65.0,LA
2006-11-06 21:40:00,762552,7,405,N,HV,0.43,8,100,10.0,0.0044,65.0,LA
2006-11-06 21:40:00,762553,7,405,S,HV,0.49,8,100,14.0,0.0063,65.0,LA
2006-11-06 21:40:00,762559,7,405,N,HV,0.41,10,100,12.0,0.0054,65.1,LA
2006-11-06 21:40:00,762561,7,405,N,HV,2.605,10,100,15.0,0.0053,65.2,LA
2006-11-06 21:40:00,762565,7,405,N,HV,0.45,10,100,16.0,0.0068,65.1,LA
2006-11-06 21:40:00,762567,7,405,N,HV,0.78,10,100,16.0,0.0067,65.0,LA
2006-11-06 21:40:00,762569,7,405,N,HV,0.86,10,100,22.0,0.0099,65.0,LA
2006-11-06 21:40:00,762571,7,405,N,HV,0.835,10,100,23.0,0.0115,64.7,LA
2006-11-06 21:40:00,762576,7,405,S,HV,0.45,10,100,24.0,0.0118,64.6,LA
2006-11-06 21:40:00,762578,7,405,S,HV,0.645,10,100,23.0,0.0109,63.9,LA
2006-11-06 21:40:00,762580,7,405,S,HV,0.475,10,100,24.0,0.0117,64.3,LA
2006-11-06 21:40:00,762582,7,405,S,HV,0.275,9,100,27.0,0.0901,36.4,LA
2006-11-06 21:40:00,762586,7,405,S,HV,0.507,9,100,14.0,0.0065,65.0,LA
2006-11-06 21:40:00,762592,7,405,S,HV,0.535,10,100,14.0,0.0054,65.0,LA
2006-11-06 21:40:00,762594,7,405,S,HV,0.705,10,100,13.0,0.0059,64.8,LA
2006-11-06 21:40:00,762596,7,405,S,HV,0.71,10,100,16.0,0.0075,64.7,LA
2006-11-06 21:40:00,762598,7,405,S,HV,0.93,10,100,17.0,0.0069,65.2,LA
2006-11-06 21:40:00,762602,7,405,S,HV,0.73,10,100,6.0,0.0033,64.7,LA
2006-11-06 21:40:00,762604,7,405,S,HV,0.595,10,100,7.0,0.0033,64.8,LA
2006-11-06 21:40:00,762606,7,405,S,HV,0.67,10,100,3.0,0.0021,64.6,LA
2006-11-06 21:40:00,762608,7,405,S,HV,2.488,10,100,3.0,0.0021,64.6,LA
2006-11-06 21:40:00,762610,7,605,N,HV,0.245,10,100,7.0,0.0032,60.1,LA
2006-11-06 21:40:00,762612,7,605,N,HV,0.26,10,100,69.0,0.0537,54.7,LA
2006-11-06 21:40:00,762616,7,605,N,HV,0.585,10,100,7.0,0.003,65.0,LA
2006-11-06 21:40:00,762619,7,605,N,HV,0.557,10,100,17.0,0.0073,64.9,LA
2006-11-06 21:40:00,762624,7,605,N,HV,0.324,10,100,17.0,0.0077,65.1,LA
2006-11-06 21:40:00,762627,7,605,N,HV,0.291,10,100,23.0,0.0105,64.9,LA
2006-11-06 21:40:00,762631,7,605,N,HV,0.473,10,100,23.0,0.0102,64.4,LA
2006-11-06 21:40:00,762634,7,605,N,HV,0.562,10,100,22.0,0.0101,65.0,LA
2006-11-06 21:40:00,762637,7,605,N,HV,0.26,10,100,19.0,0.0085,65.0,LA
2006-11-06 21:40:00,762643,7,605,N,HV,1.201,10,100,17.0,0.0075,64.9,LA
2006-11-06 21:40:00,762645,7,605,N,HV,2.568,10,100,16.0,0.0072,65.0,LA
2006-11-06 21:40:00,762648,7,605,S,HV,0.535,10,100,10.0,0.0046,64.7,LA
2006-11-06 21:40:00,762649,7,605,N,HV,0.54,10,100,6.0,0.0027,64.8,LA
2006-11-06 21:40:00,762655,7,605,S,HV,0.225,10,100,7.0,0.0049,57.8,LA
2006-11-06 21:40:00,762657,7,605,S,HV,0.275,10,100,6.0,0.0029,64.1,LA
2006-11-06 21:40:00,762659,7,605,S,HV,0.275,10,100,8.0,0.0035,65.0,LA
2006-11-06 21:40:00,762661,7,605,S,HV,0.29,10,100,5.0,0.003,65.0,LA
2006-11-06 21:40:00,762663,7,605,S,HV,0.52,10,100,11.0,0.0054,65.1,LA
2006-11-06 21:40:00,762665,7,605,S,HV,0.632,10,100,10.0,0.0047,65.2,LA
2006-11-06 21:40:00,762667,7,605,S,HV,0.705,10,100,6.0,0.0027,64.9,LA
2006-11-06 21:40:00,762671,7,605,S,HV,0.58,10,100,8.0,0.0035,64.9,LA
2006-11-06 21:40:00,762673,7,605,S,HV,0.305,10,100,15.0,0.0065,64.9,LA
2006-11-06 21:40:00,762675,7,605,S,HV,0.307,10,100,14.0,0.0061,64.9,LA
2006-11-06 21:40:00,762678,7,605,S,HV,0.453,9,100,14.0,0.0069,64.6,LA
2006-11-06 21:40:00,762679,7,605,N,HV,0.5,9,100,19.0,0.0097,64.0,LA
2006-11-06 21:40:00,762681,7,605,S,HV,0.455,10,100,18.0,0.0074,61.6,LA
2006-11-06 21:40:00,762685,7,605,S,HV,0.385,10,100,18.0,0.0075,64.9,LA
2006-11-06 21:40:00,762686,7,605,N,HV,0.385,10,100,21.0,0.0095,65.1,LA
2006-11-06 21:40:00,762688,7,605,S,HV,0.26,10,100,8.0,0.0198,56.9,LA
2006-11-06 21:40:00,763243,7,110,S,HV,1.06,20,100,70.0,0.017,65.1,LA
2006-11-06 21:40:00,763246,7,110,S,ML,0.315,40,100,383.0,0.0568,68.9,LA
2006-11-06 21:40:00,763251,7,110,S,ML,0.745,40,75,434.0,0.0676,62.9,LA
2006-11-06 21:40:00,763256,7,110,S,HV,1.22,20,100,77.0,0.0162,64.9,LA
2006-11-06 21:40:00,763259,7,110,S,ML,0.765,40,100,460.0,0.0693,61.3,LA
2006-11-06 21:40:00,763272,7,110,S,HV,0.485,20,100,61.0,0.0135,64.7,LA
2006-11-06 21:40:00,763275,7,110,S,ML,0.6,40,100,386.0,0.0528,64.8,LA
2006-11-06 21:40:00,763280,7,110,N,HV,0.555,20,100,41.0,0.0098,64.9,LA
2006-11-06 21:40:00,763283,7,110,S,HV,0.35,20,100,46.0,0.0175,59.6,LA
2006-11-06 21:40:00,763286,7,110,S,ML,0.35,39,100,311.0,0.0583,59.1,LA
2006-11-06 21:40:00,763291,7,110,S,HV,1.355,19,100,72.0,0.0324,66.5,LA
2006-11-06 21:40:00,763294,7,110,S,ML,0.4,40,100,437.0,0.0645,69.3,LA
2006-11-06 21:40:00,763299,7,110,S,ML,0.42,40,100,194.0,0.0271,69.0,LA
2006-11-06 21:40:00,763304,7,110,N,ML,0.58,40,100,185.0,0.0234,70.4,LA
2006-11-06 21:40:00,763336,7,10,E,ML,0.285,40,100,407.0,0.052,69.9,LA
2006-11-06 21:40:00,763354,7,110,N,ML,0.51,54,33,283.0,0.0349,66.4,LA
2006-11-06 21:40:00,763372,7,110,N,ML,0.345,40,100,195.0,0.026,70.4,LA
2006-11-06 21:40:00,763377,7,110,S,ML,0.775,50,67,373.0,0.0352,65.4,LA
2006-11-06 21:40:00,763384,7,110,N,ML,0.43,40,75,385.0,0.0749,64.1,LA
2006-11-06 21:40:00,763389,7,110,N,HV,2.57,20,100,54.0,0.0134,64.9,LA
2006-11-06 21:40:00,763392,7,110,N,ML,0.33,40,100,364.0,0.0565,67.9,LA
2006-11-06 21:40:00,763397,7,110,N,HV,0.35,20,100,56.0,0.0181,65.2,LA
2006-11-06 21:40:00,763400,7,110,N,ML,0.625,40,100,376.0,0.0607,70.8,LA
2006-11-06 21:40:00,763405,7,110,N,HV,0.55,18,100,37.0,0.0099,64.2,LA
2006-11-06 21:40:00,763408,7,110,N,ML,0.83,36,100,275.0,0.0534,58.6,LA
2006-11-06 21:40:00,763413,7,110,S,HV,0.39,18,100,62.0,0.0148,64.7,LA
2006-11-06 21:40:00,763416,7,110,N,HV,0.42,18,100,179.0,0.0406,60.3,LA
2006-11-06 21:40:00,763419,7,110,N,ML,0.42,36,100,365.0,0.0464,68.4,LA
2006-11-06 21:40:00,763424,7,110,N,ML,0.595,38,100,558.0,0.0804,66.7,LA
2006-11-06 21:40:00,763429,7,110,N,ML,0.415,40,100,329.0,0.0451,68.0,LA
2006-11-06 21:40:00,763434,7,110,N,ML,0.42,39,100,353.0,0.0601,61.4,LA
2006-11-06 21:40:00,763439,7,110,N,ML,0.565,37,75,282.0,0.0819,52.5,LA
2006-11-06 21:40:00,763447,7,110,S,ML,0.4,40,80,311.0,0.0496,56.6,LA
2006-11-06 21:40:00,763453,7,10,E,ML,0.65,40,100,412.0,0.0736,65.5,LA
2006-11-06 21:40:00,763458,7,10,E,ML,0.595,50,100,624.0,0.0783,76.2,LA
2006-11-06 21:40:00,763464,7,605,N,HV,0.24,10,100,5.0,0.0021,65.0,LA
2006-11-06 21:40:00,763466,7,91,W,HV,0.445,10,100,12.0,0.0052,65.0,LA
2006-11-06 21:40:00,763475,7,605,S,HV,0.55,10,100,18.0,0.0077,65.0,LA
2006-11-06 21:40:00,763485,7,10,W,ML,0.58,40,100,257.0,0.057,65.2,LA
2006-11-06 21:40:00,763498,7,110,N,ML,0.785,30,100,50.0,0.0137,68.2,LA
2006-11-06 21:40:00,763502,7,110,N,ML,0.865,39,100,92.0,0.0182,64.4,LA
2006-11-06 21:40:00,763507,7,110,N,ML,0.665,40,100,91.0,0.0193,65.1,LA
2006-11-06 21:40:00,763517,7,110,N,ML,0.715,40,100,175.0,0.0305,68.2,LA
2006-11-06 21:40:00,763522,7,110,N,ML,0.73,40,100,224.0,0.0359,69.4,LA
2006-11-06 21:40:00,763527,7,110,N,ML,1.19,36,100,180.0,0.0267,70.8,LA
2006-11-06 21:40:00,763551,7,57,N,HV,2.677,9,100,30.0,0.0196,65.9,LA
2006-11-06 21:40:00,763553,7,57,N,ML,1.112,36,100,224.0,0.0262,68.3,LA
2006-11-06 21:40:00,763558,7,57,N,ML,1.38,40,100,189.0,0.0258,69.2,LA
2006-11-06 21:40:00,763563,7,57,N,ML,0.54,40,100,187.0,0.028,61.2,LA
2006-11-06 21:40:00,763568,7,57,N,ML,0.57,47,40,292.0,0.0382,56.7,LA
2006-11-06 21:40:00,763573,7,57,S,ML,0.664,40,100,127.0,0.0175,74.0,LA
2006-11-06 21:40:00,763578,7,57,S,ML,0.618,40,100,132.0,0.0177,69.7,LA
2006-11-06 21:40:00,763583,7,57,S,ML,1.486,30,100,157.0,0.0299,73.8,LA
2006-11-06 21:40:00,763602,7,91,E,HV,0.45,10,100,1.0,0.0003,65.0,LA
2006-11-06 21:40:00,763604,7,91,E,HV,2.688,10,100,2.0,0.001,65.0,LA
2006-11-06 21:40:00,763606,7,134,E,HV,1.765,10,100,8.0,0.0034,65.0,LA
2006-11-06 21:40:00,763608,7,134,E,HV,0.83,9,100,8.0,0.0032,65.1,LA
2006-11-06 21:40:00,763610,7,134,W,HV,0.645,10,100,8.0,0.0037,64.9,LA
2006-11-06 21:40:00,763612,7,134,W,HV,1.755,10,100,4.0,0.0017,65.1,LA
2006-11-06 21:40:00,763616,7,605,S,ML,1.0,40,100,141.0,0.0194,68.0,LA
2006-11-06 21:40:00,763621,7,110,S,ML,0.51,40,100,255.0,0.0338,68.3,LA
2006-11-06 21:40:00,763626,7,110,N,ML,0.63,40,100,234.0,0.0442,61.4,LA
2006-11-06 21:40:00,763649,7,57,S,ML,0.6,40,50,218.0,0.0276,67.2,LA
2006-11-06 21:40:00,763663,7,110,N,ML,0.75,50,100,210.0,0.0211,71.2,LA
2006-11-06 21:40:00,763679,7,605,S,HV,0.56,10,100,7.0,0.0032,64.9,LA
2006-11-06 21:40:00,763695,7,10,E,ML,0.46,50,80,374.0,0.0482,66.3,LA
2006-11-06 21:40:00,763706,7,5,S,ML,0.505,30,67,273.0,0.0543,70.4,LA
2006-11-06 21:40:00,763710,7,105,W,HV,0.75,10,100,14.0,0.0062,65.4,LA
2006-11-06 21:40:00,763712,7,105,W,ML,0.1,30,100,335.0,0.0421,77.9,LA
2006-11-06 21:40:00,763716,7,105,W,HV,0.45,10,100,29.0,0.0123,65.5,LA
2006-11-06 21:40:00,763720,7,110,N,ML,0.405,40,100,198.0,0.0267,68.4,LA
2006-11-06 21:40:00,763731,7,10,W,ML,0.451,40,100,368.0,0.0372,79.2,LA
2006-11-06 21:40:00,763748,7,5,S,ML,0.3,30,100,244.0,0.0552,68.6,LA
2006-11-06 21:40:00,763963,7,10,E,ML,0.25,40,100,413.0,0.053,68.5,LA
2006-11-06 21:40:00,763985,7,5,N,ML,0.635,40,100,293.0,0.0508,69.4,LA
2006-11-06 21:40:00,763990,7,5,S,ML,0.59,40,100,324.0,0.0415,78.1,LA
2006-11-06 21:40:00,764019,7,605,S,HV,0.25,10,100,21.0,0.0125,65.1,LA
2006-11-06 21:40:00,764021,7,605,S,ML,0.25,40,100,264.0,0.0455,69.8,LA
2006-11-06 21:40:00,764032,7,110,N,ML,0.68,50,100,490.0,0.059,67.6,LA
2006-11-06 21:40:00,764037,7,110,S,ML,0.68,50,100,515.0,0.0596,67.4,LA
2006-11-06 21:40:00,764072,7,118,E,ML,0.405,27,67,115.0,0.0665,49.6,LA
2006-11-06 21:40:00,764076,7,118,W,ML,0.39,30,100,98.0,0.0166,67.7,LA
2006-11-06 21:40:00,764101,7,170,S,ML,2.696,30,50,187.0,0.0461,60.3,LA
2006-11-06 21:40:00,764106,7,170,N,ML,0.67,40,50,304.0,0.0566,62.3,LA
2006-11-06 21:40:00,764115,7,170,N,ML,0.795,40,100,248.0,0.0349,69.1,LA
2006-11-06 21:40:00,764125,7,10,E,ML,0.065,30,100,222.0,0.0402,65.9,LA
2006-11-06 21:40:00,764130,7,10,E,ML,0.215,40,75,286.0,0.0466,62.6,LA
2006-11-06 21:40:00,764137,7,210,W,ML,0.36,60,100,392.0,0.0509,61.2,LA
2006-11-06 21:40:00,764144,7,210,W,HV,0.515,10,100,16.0,0.0078,65.2,LA
2006-11-06 21:40:00,764146,7,210,W,ML,0.515,40,100,207.0,0.0444,68.2,LA
2006-11-06 21:40:00,764177,7,118,W,ML,0.43,30,100,111.0,0.0235,66.6,LA
2006-11-06 21:40:00,764181,7,118,E,ML,0.49,30,100,123.0,0.0224,68.7,LA
2006-11-06 21:40:00,764193,7,118,E,ML,0.47,30,67,139.0,0.0334,64.4,LA
2006-11-06 21:40:00,764197,7,118,W,ML,0.405,30,100,133.0,0.0259,67.3,LA
2006-11-06 21:40:00,764201,7,10,W,ML,0.425,40,100,354.0,0.0501,72.9,LA
2006-11-06 21:40:00,764206,7,10,W,ML,0.475,40,75,282.0,0.0412,71.6,LA
2006-11-06 21:40:00,764211,7,10,E,ML,0.595,50,100,320.0,0.0394,73.5,LA
2006-11-06 21:40:00,764217,7,10,E,ML,0.513,40,100,523.0,0.0642,79.1,LA
2006-11-06 21:40:00,764222,7,10,E,ML,0.49,40,100,353.0,0.0518,67.2,LA
2006-11-06 21:40:00,764227,7,10,W,ML,0.44,40,100,265.0,0.0412,66.4,LA
2006-11-06 21:40:00,764232,7,5,N,ML,0.4,30,100,205.0,0.0424,69.2,LA
2006-11-06 21:40:00,764236,7,5,N,ML,0.535,40,50,338.0,0.0552,61.6,LA
2006-11-06 21:40:00,764262,7,14,N,ML,2.662,30,100,231.0,0.0419,64.7,LA
2006-11-06 21:40:00,764267,7,14,N,HV,0.965,10,100,18.0,0.0117,64.7,LA
2006-11-06 21:40:00,764269,7,14,N,ML,0.965,30,100,245.0,0.0453,67.0,LA
2006-11-06 21:40:00,764288,7,14,S,HV,0.83,10,100,14.0,0.0064,65.0,LA
2006-11-06 21:40:00,764290,7,14,S,ML,0.83,30,67,102.0,0.0217,66.4,LA
2006-11-06 21:40:00,764297,7,14,S,ML,1.3,30,100,88.0,0.0167,68.2,LA
2006-11-06 21:40:00,764302,7,14,N,HV,1.42,10,100,41.0,0.0177,64.4,LA
2006-11-06 21:40:00,764304,7,14,N,ML,1.42,30,100,225.0,0.0416,65.4,LA
2006-11-06 21:40:00,764417,7,5,S,ML,0.25,40,100,288.0,0.0456,65.5,LA
2006-11-06 21:40:00,764424,7,170,N,ML,0.6,40,75,254.0,0.0423,62.8,LA
2006-11-06 21:40:00,764425,7,91,W,ML,0.698,20,67,74.0,0.0175,64.7,LA
2006-11-06 21:40:00,764430,7,170,N,ML,0.606,20,100,196.0,0.0568,68.4,LA
2006-11-06 21:40:00,764435,7,5,N,ML,0.36,40,100,263.0,0.045,68.1,LA
2006-11-06 21:40:00,764556,7,405,S,HV,0.815,10,100,15.0,0.0069,65.0,LA
2006-11-06 21:40:00,764565,7,405,N,HV,0.58,10,100,15.0,0.0065,62.4,LA
2006-11-06 21:40:00,764578,7,405,S,ML,0.39,40,100,354.0,0.0483,68.0,LA
2006-11-06 21:40:00,764583,7,405,N,ML,0.39,40,75,326.0,0.0392,68.8,LA
2006-11-06 21:40:00,764588,7,405,S,HV,2.555,10,100,12.0,0.0056,64.9,LA
2006-11-06 21:40:00,764590,7,405,S,ML,0.143,50,100,324.0,0.0327,68.4,LA
2006-11-06 21:40:00,764604,7,405,S,ML,0.33,40,100,284.0,0.0381,69.1,LA
2006-11-06 21:40:00,764609,7,405,S,HV,0.52,10,100,17.0,0.0076,65.0,LA
2006-11-06 21:40:00,764615,7,405,S,HV,0.47,10,100,6.0,0.0027,58.9,LA
2006-11-06 21:40:00,764617,7,101,N,ML,0.95,40,75,212.0,0.0331,69.2,LA
2006-11-06 21:40:00,764632,7,101,S,ML,0.56,40,100,143.0,0.0209,67.6,LA
2006-11-06 21:40:00,764637,7,101,S,ML,0.515,40,75,170.0,0.027,71.9,LA
2006-11-06 21:40:00,764641,7,101,S,ML,0.65,40,100,133.0,0.0198,62.0,LA
2006-11-06 21:40:00,764665,7,405,S,HV,0.26,10,100,22.0,0.0064,65.1,LA
2006-11-06 21:40:00,764667,7,405,N,HV,0.415,10,100,15.0,0.0105,64.8,LA
2006-11-06 21:40:00,764671,7,405,S,ML,0.505,40,100,393.0,0.0823,56.0,LA
2006-11-06 21:40:00,764676,7,405,N,HV,0.285,10,100,11.0,0.005,64.4,LA
2006-11-06 21:40:00,764754,7,405,S,ML,0.425,50,100,332.0,0.0418,69.7,LA
2006-11-06 21:40:00,764760,7,101,N,ML,0.19,50,100,326.0,0.0343,63.8,LA
2006-11-06 21:40:00,764766,7,101,S,ML,0.365,50,100,275.0,0.028,67.5,LA
2006-11-06 21:40:00,764781,7,101,S,ML,0.907,40,100,310.0,0.0446,71.0,LA
2006-11-06 21:40:00,764794,7,101,N,ML,0.695,40,100,263.0,0.0383,66.9,LA
2006-11-06 21:40:00,764803,7,101,N,ML,0.93,40,100,194.0,0.0255,68.6,LA
2006-11-06 21:40:00,764808,7,101,N,ML,0.425,49,100,212.0,0.0228,71.3,LA
2006-11-06 21:40:00,764819,7,101,N,ML,1.115,40,100,185.0,0.0272,67.1,LA
2006-11-06 21:40:00,764824,7,101,S,ML,0.625,40,100,131.0,0.0206,66.7,LA
2006-11-06 21:40:00,764829,7,101,N,ML,1.23,40,100,121.0,0.0184,68.5,LA
2006-11-06 21:40:00,764834,7,101,S,ML,0.775,40,100,134.0,0.0219,67.9,LA
2006-11-06 21:40:00,764839,7,101,N,ML,1.0,30,100,172.0,0.0306,64.5,LA
2006-11-06 21:40:00,764848,7,101,S,ML,0.89,39,50,154.0,0.0213,67.1,LA
2006-11-06 21:40:00,764853,7,101,S,ML,2.625,40,100,331.0,0.0524,65.6,LA
2006-11-06 21:40:00,764858,7,101,N,ML,0.239,30,100,652.0,0.0711,66.8,LA
2006-11-06 21:40:00,764863,7,101,N,ML,0.96,18,67,178.0,0.0428,59.3,LA
2006-11-06 21:40:00,764868,7,101,S,ML,0.545,24,100,87.0,0.0058,68.2,LA
2006-11-06 21:40:00,764874,7,101,S,ML,0.61,18,100,141.0,0.0268,63.7,LA
2006-11-06 21:40:00,764879,7,101,N,ML,0.585,30,100,198.0,0.04,66.2,LA
2006-11-06 21:40:00,764885,7,101,S,ML,0.605,40,100,151.0,0.0221,65.6,LA
2006-11-06 21:40:00,764891,7,101,N,ML,0.54,40,100,167.0,0.0237,64.9,LA
2006-11-06 21:40:00,764900,7,101,N,ML,0.76,30,100,159.0,0.0269,63.7,LA
2006-11-06 21:40:00,764905,7,101,S,ML,2.3,30,100,81.0,0.0198,58.0,LA
2006-11-06 21:40:00,764910,7,101,N,ML,0.415,30,100,139.0,0.0256,66.4,LA
2006-11-06 21:40:00,764915,7,101,N,ML,1.475,40,100,144.0,0.0186,68.1,LA
2006-11-06 21:40:00,764949,7,101,N,ML,0.775,30,25,396.0,0.0705,64.8,LA
2006-11-06 21:40:00,764958,7,101,N,ML,0.54,40,100,210.0,0.0304,66.9,LA
2006-11-06 21:40:00,765098,7,10,E,ML,0.37,40,100,365.0,0.0356,74.5,LA
2006-11-06 21:40:00,765099,7,101,N,ML,0.225,60,100,409.0,0.0406,71.4,LA
2006-11-06 21:40:00,765101,7,101,N,ML,0.71,40,100,233.0,0.0233,79.1,LA
2006-11-06 21:40:00,765106,7,101,S,ML,0.82,20,67,142.0,0.0293,59.4,LA
2006-11-06 21:40:00,765150,7,101,S,ML,0.565,40,80,209.0,0.0314,67.9,LA
2006-11-06 21:40:00,765153,7,405,S,ML,0.645,40,100,334.0,0.0456,70.0,LA
2006-11-06 21:40:00,765164,7,101,N,ML,0.335,40,50,328.0,0.0485,67.7,LA
2006-11-06 21:40:00,765169,7,405,S,HV,0.83,10,100,6.0,0.0028,64.7,LA
2006-11-06 21:40:00,765171,7,405,S,ML,0.495,40,100,253.0,0.0398,65.0,LA
2006-11-06 21:40:00,765176,7,101,N,ML,0.31,48,100,330.0,0.0403,67.2,LA
2006-11-06 21:40:00,765182,7,101,N,ML,0.86,40,100,379.0,0.0488,66.4,LA
2006-11-06 21:40:00,765263,7,405,S,HV,0.29,10,100,10.0,0.0239,52.7,LA
2006-11-06 21:40:00,765265,7,405,S,ML,0.29,40,100,232.0,0.0334,69.6,LA
2006-11-06 21:40:00,765451,7,10,E,ML,0.45,40,100,469.0,0.0567,76.2,LA
2006-11-06 21:40:00,765456,7,60,W,ML,2.837,39,75,124.0,0.0307,65.1,LA
2006-11-06 21:40:00,765461,7,60,W,ML,0.494,40,100,198.0,0.0296,71.5,LA
2006-11-06 21:40:00,765467,7,91,E,ML,0.45,50,100,268.0,0.0332,69.7,LA
2006-11-06 21:40:00,765472,7,101,N,ML,0.6,40,100,190.0,0.0278,68.0,LA
2006-11-06 21:40:00,765476,7,105,E,ML,0.48,30,100,204.0,0.0376,62.9,LA
2006-11-06 21:40:00,765477,7,210,E,ML,0.462,40,100,261.0,0.0413,69.5,LA
2006-11-06 21:40:00,765501,7,605,S,ML,1.231,40,75,165.0,0.0244,65.2,LA
2006-11-06 21:40:00,765508,7,10,E,HV,0.565,10,100,10.0,0.0046,65.3,LA
2006-11-06 21:40:00,765591,7,91,W,ML,0.36,39,100,172.0,0.0283,67.5,LA
2006-11-06 21:40:00,765604,7,170,N,ML,2.696,40,100,261.0,0.0365,65.2,LA
2006-11-06 21:40:00,765605,7,170,N,HV,2.696,10,100,18.0,0.0086,64.8,LA
2006-11-06 21:40:00,765608,7,170,N,HV,0.67,10,100,16.0,0.0071,64.9,LA
2006-11-06 21:40:00,765610,7,170,N,HV,0.6,10,100,16.0,0.0092,64.4,LA
2006-11-06 21:40:00,765612,7,170,N,HV,0.795,10,100,13.0,0.0058,65.0,LA
2006-11-06 21:40:00,765618,7,170,N,HV,0.606,10,100,28.0,0.0144,64.6,LA
2006-11-06 21:40:00,765793,7,91,W,HV,0.775,10,100,4.0,0.0023,67.0,LA
2006-11-06 21:40:00,766209,7,91,E,ML,0.58,50,100,383.0,0.0516,71.1,LA
2006-11-06 21:40:00,766210,7,91,E,HV,0.58,10,100,6.0,0.0029,64.7,LA
2006-11-06 21:40:00,766211,7,91,W,ML,0.58,20,67,180.0,0.0444,67.5,LA
2006-11-06 21:40:00,766212,7,91,W,HV,0.58,10,100,16.0,0.0068,64.6,LA
2006-11-06 21:40:00,766508,7,605,N,HV,0.41,9,100,6.0,0.0027,65.1,LA
2006-11-06 21:40:00,766510,7,605,N,HV,0.3,10,100,3.0,0.0014,64.9,LA
2006-11-06 21:40:00,766512,7,605,N,HV,0.47,10,100,4.0,0.0018,64.9,LA
2006-11-06 21:40:00,766514,7,605,N,HV,0.325,10,100,4.0,0.002,65.0,LA
2006-11-06 21:40:00,766516,7,605,N,HV,0.445,10,100,13.0,0.0042,64.3,LA
2006-11-06 21:40:00,766518,7,605,N,HV,0.445,10,100,3.0,0.0013,64.5,LA
2006-11-06 21:40:00,766520,7,605,N,HV,0.315,10,100,3.0,0.0015,64.9,LA
2006-11-06 21:40:00,766522,7,605,S,HV,2.114,9,100,11.0,0.0036,65.1,LA
2006-11-06 21:40:00,766525,7,605,S,HV,0.41,10,100,11.0,0.0052,65.1,LA
2006-11-06 21:40:00,766528,7,605,S,HV,0.305,10,100,10.0,0.0038,65.2,LA
2006-11-06 21:40:00,766530,7,605,S,HV,0.47,8,100,14.0,0.005,65.2,LA
2006-11-06 21:40:00,766534,7,605,S,HV,0.445,10,100,7.0,0.0034,65.0,LA
2006-11-06 21:40:00,766536,7,605,S,HV,0.45,10,100,194.0,0.0462,67.2,LA
2006-11-06 21:40:00,766538,7,605,S,HV,0.315,10,100,10.0,0.004,65.0,LA
2006-11-06 21:40:00,766554,7,91,W,HV,0.22,10,100,19.0,0.0074,65.1,LA
2006-11-06 21:40:00,766555,7,91,W,ML,0.22,40,100,302.0,0.045,70.1,LA
2006-11-06 21:40:00,766584,7,60,E,HV,0.43,10,100,15.0,0.0059,65.2,LA
2006-11-06 21:40:00,766585,7,60,E,ML,0.43,40,100,260.0,0.0432,70.3,LA
2006-11-06 21:40:00,766586,7,60,W,HV,0.342,10,100,8.0,0.004,64.9,LA
2006-11-06 21:40:00,766587,7,60,W,ML,0.342,40,100,141.0,0.0254,69.8,LA
2006-11-06 21:40:00,766599,7,60,E,HV,0.305,10,100,12.0,0.0052,65.2,LA
2006-11-06 21:40:00,766600,7,60,E,ML,0.305,40,100,254.0,0.0418,71.5,LA
2006-11-06 21:40:00,766601,7,60,W,HV,0.305,10,100,9.0,0.0076,65.0,LA
2006-11-06 21:40:00,766602,7,60,W,ML,0.305,40,100,145.0,0.0283,71.2,LA
2006-11-06 21:40:00,766619,7,60,E,HV,0.29,10,100,13.0,0.0052,60.9,LA
2006-11-06 21:40:00,766620,7,60,E,ML,0.29,40,100,206.0,0.0464,64.7,LA
2006-11-06 21:40:00,766621,7,60,W,HV,0.29,10,100,7.0,0.0034,64.9,LA
2006-11-06 21:40:00,766622,7,60,W,ML,0.29,40,100,124.0,0.0303,62.2,LA
2006-11-06 21:40:00,766641,7,60,W,HV,0.27,10,100,6.0,0.0027,65.0,LA
2006-11-06 21:40:00,766642,7,60,W,ML,0.27,40,100,118.0,0.0198,67.0,LA
2006-11-06 21:40:00,766644,7,60,E,ML,0.27,40,100,184.0,0.0405,59.5,LA
2006-11-06 21:40:00,766673,7,71,N,ML,2.831,20,100,41.0,0.0145,66.8,LA
2006-11-06 21:40:00,766694,7,14,N,ML,2.42,20,100,94.0,0.0291,65.4,LA
2006-11-06 21:40:00,766749,7,14,S,ML,4.2,20,100,54.0,0.0222,67.8,LA
2006-11-06 21:40:00,766758,7,14,N,ML,4.25,30,100,83.0,0.0339,67.8,LA
2006-11-06 21:40:00,766829,7,60,W,HV,0.494,10,100,6.0,0.0026,65.0,LA
2006-11-06 21:40:00,766843,7,60,E,ML,0.405,40,100,291.0,0.0483,70.2,LA
2006-11-06 21:40:00,766844,7,60,E,HV,0.405,10,100,16.0,0.0054,64.9,LA
2006-11-06 21:40:00,766851,7,605,N,ML,0.32,40,100,215.0,0.0409,55.4,LA
2006-11-06 21:40:00,766852,7,605,N,HV,0.32,10,100,6.0,0.0028,62.2,LA
2006-11-06 21:40:00,766873,7,105,W,HV,2.2,10,100,21.0,0.0198,64.2,LA
2006-11-06 21:40:00,766930,7,605,S,HV,1.099,10,100,8.0,0.0039,64.8,LA
2006-11-06 21:40:00,766936,7,605,S,HV,0.39,10,100,13.0,0.0075,64.5,LA
2006-11-06 21:40:00,766937,7,605,S,ML,0.39,40,75,250.0,0.0422,64.7,LA
2006-11-06 21:40:00,766954,7,405,S,HV,0.91,10,100,23.0,0.0117,64.6,LA
2006-11-06 21:40:00,766969,7,14,N,HV,2.42,10,100,41.0,0.0183,64.1,LA
2006-11-06 21:40:00,766971,7,170,S,HV,2.696,10,100,6.0,0.0025,65.0,LA
2006-11-06 21:40:00,766988,7,110,S,ML,0.675,40,100,202.0,0.0313,68.3,LA
2006-11-06 21:40:00,766996,7,14,S,HV,4.2,10,100,8.0,0.0034,65.1,LA
2006-11-06 21:40:00,767053,7,405,S,ML,0.45,40,100,243.0,0.0288,68.7,LA
2006-11-06 21:40:00,767054,7,405,S,HV,0.45,10,100,6.0,0.0028,64.8,LA
2006-11-06 21:40:00,767166,7,71,N,ML,2.119,20,100,48.0,0.0197,63.1,LA
2006-11-06 21:40:00,767233,7,605,N,ML,0.56,30,100,210.0,0.0342,68.0,LA
2006-11-06 21:40:00,767234,7,605,N,HV,0.56,10,100,5.0,0.0025,65.0,LA
2006-11-06 21:40:00,767262,7,405,S,HV,0.165,10,100,12.0,0.0052,64.6,LA
2006-11-06 21:40:00,767321,7,605,N,HV,2.119,10,100,6.0,0.0026,65.0,LA
2006-11-06 21:40:00,767329,7,10,W,ML,0.539,40,100,244.0,0.0336,67.0,LA
2006-11-06 21:40:00,767350,7,405,S,ML,0.615,40,100,263.0,0.0343,66.5,LA
2006-11-06 21:40:00,767351,7,405,N,ML,0.575,31,75,481.0,0.0939,62.0,LA
2006-11-06 21:40:00,767352,7,405,S,HV,0.615,10,100,7.0,0.0032,64.8,LA
2006-11-06 21:40:00,767353,7,405,N,HV,0.575,10,100,16.0,0.0068,65.0,LA
2006-11-06 21:40:00,767366,7,405,S,ML,0.615,40,100,265.0,0.0376,70.9,LA
2006-11-06 21:40:00,767367,7,405,N,ML,0.705,40,100,379.0,0.0535,66.1,LA
2006-11-06 21:40:00,767368,7,405,S,HV,0.615,10,100,10.0,0.011,64.4,LA
2006-11-06 21:40:00,767369,7,405,N,HV,0.705,10,100,24.0,0.0125,64.5,LA
2006-11-06 21:40:00,767523,7,2,E,ML,0.45,40,100,196.0,0.0258,76.6,LA
2006-11-06 21:40:00,767541,7,2,E,ML,0.45,40,100,211.0,0.0305,62.4,LA
2006-11-06 21:40:00,767635,7,60,E,ML,0.02,10,20,255.0,0.0343,67.9,LA
2006-11-06 21:40:00,767678,7,605,N,ML,0.793,40,100,161.0,0.0273,67.7,LA
2006-11-06 21:40:00,767759,7,110,S,ML,1.7,30,100,107.0,0.0228,70.0,LA
2006-11-06 21:40:00,767760,7,110,N,ML,1.7,30,100,143.0,0.0272,68.3,LA
2006-11-06 21:40:00,767790,7,14,S,ML,5.0,30,100,42.0,0.0093,70.3,LA
2006-11-06 21:40:00,767791,7,14,N,ML,5.0,20,100,67.0,0.0234,68.9,LA
2006-11-06 21:40:00,767801,7,101,S,ML,5.0,30,100,107.0,0.0233,66.9,LA
2006-11-06 21:40:00,767810,7,101,N,ML,5.0,30,100,124.0,0.0254,68.3,LA
2006-11-06 21:40:00,767811,7,101,S,ML,5.0,30,100,125.0,0.0253,68.4,LA
2006-11-06 21:40:00,767838,7,105,E,ML,0.65,30,100,174.0,0.0406,67.7,LA
2006-11-06 21:40:00,767839,7,105,E,HV,0.65,10,100,42.0,0.0267,62.5,LA
2006-11-06 21:40:00,767847,7,405,S,HV,0.24,10,100,11.0,0.0048,64.9,LA
2006-11-06 21:40:00,767857,7,105,E,ML,0.03,30,100,302.0,0.042,77.0,LA
2006-11-06 21:40:00,767859,7,105,E,HV,0.03,10,100,64.0,0.0204,67.2,LA
2006-11-06 21:40:00,767868,7,105,E,ML,0.295,30,100,301.0,0.0383,77.8,LA
2006-11-06 21:40:00,767870,7,105,E,HV,0.295,10,100,64.0,0.0197,67.9,LA
2006-11-06 21:40:00,767882,7,210,E,HV,1.65,10,100,19.0,0.0091,65.0,LA
2006-11-06 21:40:00,767883,7,210,E,ML,1.65,30,100,233.0,0.0606,64.3,LA
2006-11-06 21:40:00,767895,7,210,E,HV,0.6,10,100,18.0,0.0084,65.0,LA
2006-11-06 21:40:00,767896,7,210,E,ML,0.6,30,100,244.0,0.0989,63.0,LA
2006-11-06 21:40:00,767897,7,210,W,HV,1.9,10,100,6.0,0.003,64.9,LA
2006-11-06 21:40:00,767898,7,210,W,ML,1.9,30,100,113.0,0.0221,69.5,LA
2006-11-06 21:40:00,767909,7,210,W,HV,0.65,10,100,10.0,0.0048,64.4,LA
2006-11-06 21:40:00,767910,7,210,W,ML,0.65,30,100,103.0,0.0208,70.2,LA
2006-11-06 21:40:00,767924,7,210,E,HV,0.65,10,100,14.0,0.0088,63.8,LA
2006-11-06 21:40:00,767925,7,210,E,ML,0.65,30,100,212.0,0.0667,60.2,LA
2006-11-06 21:40:00,767939,7,210,W,HV,0.85,10,100,10.0,0.0044,65.0,LA
2006-11-06 21:40:00,767940,7,210,W,ML,0.85,40,100,121.0,0.0164,71.2,LA
2006-11-06 21:40:00,767941,7,210,E,HV,0.74,10,100,16.0,0.0078,64.9,LA
2006-11-06 21:40:00,767942,7,210,E,ML,0.74,40,100,236.0,0.0385,67.7,LA
2006-11-06 21:40:00,767954,7,210,W,HV,0.6,10,100,57.0,0.0911,47.4,LA
2006-11-06 21:40:00,767955,7,210,W,ML,0.6,30,100,146.0,0.0402,73.9,LA
2006-11-06 21:40:00,767969,7,210,E,HV,0.6,10,100,31.0,0.0286,61.4,LA
2006-11-06 21:40:00,767970,7,210,E,ML,0.6,40,100,215.0,0.0364,68.0,LA
2006-11-06 21:40:00,767983,7,210,E,HV,0.39,10,100,14.0,0.0061,65.0,LA
2006-11-06 21:40:00,767984,7,210,E,ML,0.39,40,100,254.0,0.0488,68.0,LA
2006-11-06 21:40:00,767985,7,210,W,HV,0.43,10,100,26.0,0.0094,65.0,LA
2006-11-06 21:40:00,767986,7,210,W,ML,0.43,30,100,135.0,0.0269,69.9,LA
2006-11-06 21:40:00,767997,7,210,E,HV,0.5,10,100,15.0,0.0074,65.0,LA
2006-11-06 21:40:00,767998,7,210,E,ML,0.5,40,100,221.0,0.0406,66.3,LA
2006-11-06 21:40:00,767999,7,210,W,HV,0.5,10,100,13.0,0.0063,65.0,LA
2006-11-06 21:40:00,768000,7,210,W,ML,0.5,30,100,134.0,0.0159,68.6,LA
2006-11-06 21:40:00,768011,7,210,E,HV,0.52,10,100,17.0,0.0075,65.0,LA
2006-11-06 21:40:00,768012,7,210,E,ML,0.52,40,100,193.0,0.0293,68.1,LA
2006-11-06 21:40:00,768013,7,210,W,HV,0.52,10,100,14.0,0.0065,64.9,LA
2006-11-06 21:40:00,768014,7,210,W,ML,0.52,30,100,134.0,0.0272,71.1,LA
2006-11-06 21:40:00,768025,7,210,E,HV,0.425,10,100,11.0,0.0059,65.0,LA
2006-11-06 21:40:00,768026,7,210,E,ML,0.425,40,100,215.0,0.038,66.1,LA
2006-11-06 21:40:00,768027,7,210,W,HV,0.47,10,100,97.0,0.03,63.6,LA
2006-11-06 21:40:00,768028,7,210,W,ML,0.47,30,100,134.0,0.024,71.3,LA
2006-11-06 21:40:00,768040,7,210,E,HV,0.475,10,100,11.0,0.005,65.0,LA
2006-11-06 21:40:00,768041,7,210,E,ML,0.475,40,100,166.0,0.0158,69.5,LA
2006-11-06 21:40:00,768054,7,210,W,HV,0.43,10,100,24.0,0.0179,69.1,LA
2006-11-06 21:40:00,768055,7,210,W,ML,0.43,30,100,118.0,0.0206,71.6,LA
2006-11-06 21:40:00,768066,7,101,S,ML,0.39,60,100,330.0,0.0279,68.4,LA
2006-11-06 21:40:00,768222,7,91,W,ML,0.37,40,100,304.0,0.0427,69.5,LA
2006-11-06 21:40:00,768223,7,91,E,ML,0.4,40,75,281.0,0.0458,67.4,LA
2006-11-06 21:40:00,768228,7,91,W,HV,0.37,10,100,20.0,0.0086,64.5,LA
2006-11-06 21:40:00,768229,7,91,E,HV,0.4,10,100,9.0,0.0038,65.2,LA
2006-11-06 21:40:00,768230,7,2,W,ML,3.063,10,100,9.0,0.0056,67.2,LA
2006-11-06 21:40:00,768253,7,101,N,ML,0.855,40,100,288.0,0.0342,69.2,LA
2006-11-06 21:40:00,768265,7,101,S,ML,0.605,37,100,112.0,0.0312,57.6,LA
2006-11-06 21:40:00,768283,7,210,E,ML,3.05,30,100,86.0,0.0263,67.8,LA
2006-11-06 21:40:00,768284,7,210,W,ML,3.05,30,100,88.0,0.0262,67.3,LA
2006-11-06 21:40:00,768297,7,210,E,ML,1.55,29,100,69.0,0.0212,67.7,LA
2006-11-06 21:40:00,768298,7,210,W,ML,1.55,30,100,82.0,0.0226,67.6,LA
2006-11-06 21:40:00,768304,7,10,E,HV,0.464,8,100,16.0,0.0072,65.4,LA
2006-11-06 21:40:00,768311,7,10,W,HV,0.577,10,100,22.0,0.017,62.0,LA
2006-11-06 21:40:00,768314,7,10,E,HV,0.513,8,100,24.0,0.0089,65.8,LA
2006-11-06 21:40:00,768315,7,10,W,HV,0.654,8,100,31.0,0.0143,65.3,LA
2006-11-06 21:40:00,768319,7,10,W,HV,0.47,10,100,19.0,0.0083,65.1,LA
2006-11-06 21:40:00,768320,7,10,E,HV,0.466,10,100,16.0,0.0073,64.9,LA
2006-11-06 21:40:00,768328,7,10,E,ML,0.424,40,100,311.0,0.0533,71.3,LA
2006-11-06 21:40:00,768329,7,10,E,HV,0.424,10,100,22.0,0.0095,64.6,LA
2006-11-06 21:40:00,768330,7,10,W,HV,0.427,10,100,28.0,0.0121,64.6,LA
2006-11-06 21:40:00,768339,7,10,W,ML,0.3,40,100,252.0,0.0454,67.2,LA
2006-11-06 21:40:00,768340,7,10,W,HV,0.304,10,100,25.0,0.0106,65.1,LA
2006-11-06 21:40:00,768341,7,10,E,HV,0.473,10,100,18.0,0.0077,65.3,LA
2006-11-06 21:40:00,768354,7,10,W,HV,0.277,10,100,24.0,0.0101,65.1,LA
2006-11-06 21:40:00,768357,7,10,W,HV,0.518,10,100,24.0,0.0099,65.1,LA
2006-11-06 21:40:00,768358,7,10,E,HV,0.65,10,100,25.0,0.0099,65.4,LA
2006-11-06 21:40:00,768360,7,10,E,HV,0.706,10,100,15.0,0.0073,63.1,LA
2006-11-06 21:40:00,768362,7,10,W,HV,0.837,10,100,8.0,0.0047,62.4,LA
2006-11-06 21:40:00,768426,7,10,E,HV,0.484,9,100,12.0,0.0056,65.0,LA
2006-11-06 21:40:00,768444,7,60,E,ML,1.588,50,100,287.0,0.0346,71.4,LA
2006-11-06 21:40:00,768469,7,101,N,ML,0.35,50,100,409.0,0.0388,76.1,LA
2006-11-06 21:40:00,768477,7,101,S,ML,0.595,30,67,200.0,0.0522,61.5,LA
2006-11-06 21:40:00,768618,7,405,S,HV,0.845,10,100,22.0,0.0113,64.5,LA
2006-11-06 21:40:00,768619,7,405,S,ML,0.845,40,100,328.0,0.0445,69.6,LA
2006-11-06 21:40:00,768694,7,10,E,ML,0.38,50,100,358.0,0.0357,76.5,LA
2006-11-06 21:40:00,768718,7,10,W,HV,0.246,10,100,81.0,0.0368,63.6,LA
2006-11-06 21:40:00,768724,7,10,W,HV,0.565,10,100,12.0,0.0066,62.1,LA
2006-11-06 21:40:00,768738,7,10,W,HV,0.629,8,100,8.0,0.0029,65.3,LA
2006-11-06 21:40:00,768741,7,10,W,HV,0.525,7,100,9.0,0.0032,65.4,LA
2006-11-06 21:40:00,768743,7,10,E,HV,0.6,3,100,30.0,0.0153,64.5,LA
2006-11-06 21:40:00,768746,7,10,W,HV,0.316,5,100,8.0,0.0032,65.1,LA
2006-11-06 21:40:00,768751,7,10,E,HV,0.59,10,100,23.0,0.0107,65.5,LA
2006-11-06 21:40:00,768752,7,10,W,HV,0.539,10,100,10.0,0.0045,65.1,LA
2006-11-06 21:40:00,768898,7,91,E,ML,0.27,40,100,414.0,0.1517,66.5,LA
2006-11-06 21:40:00,768907,7,91,W,ML,0.34,40,100,252.0,0.0864,59.5,LA
2006-11-06 21:40:00,768908,7,91,W,HV,0.63,10,100,10.0,0.0044,65.0,LA
2006-11-06 21:40:00,768909,7,91,E,HV,0.63,10,100,7.0,0.0031,64.9,LA
2006-11-06 21:40:00,768978,7,710,N,ML,0.464,45,100,258.0,0.0412,69.5,LA
2006-11-06 21:40:00,768984,7,710,N,ML,0.383,50,100,339.0,0.0408,73.1,LA
2006-11-06 21:40:00,769029,7,5,N,ML,0.4,50,100,182.0,0.0383,73.2,LA
2006-11-06 21:40:00,769030,7,5,S,ML,0.4,50,100,156.0,0.0317,73.5,LA
2006-11-06 21:40:00,769042,7,5,N,ML,0.3,40,100,174.0,0.0413,68.1,LA
2006-11-06 21:40:00,769043,7,5,S,ML,0.3,40,100,145.0,0.0378,70.7,LA
2006-11-06 21:40:00,769054,7,5,N,ML,0.88,40,100,153.0,0.0263,68.5,LA
2006-11-06 21:40:00,769055,7,5,S,ML,0.735,40,100,133.0,0.0331,69.3,LA
2006-11-06 21:40:00,769090,7,5,S,ML,1.095,39,100,124.0,0.0322,66.4,LA
2006-11-06 21:40:00,769105,7,10,W,ML,0.894,50,100,228.0,0.0277,72.8,LA
2006-11-06 21:45:00,715898,7,5,S,ML,0.43,30,100,233.0,0.0464,68.4,LA
2006-11-06 21:45:00,715915,7,5,N,ML,0.475,24,100,287.0,0.0714,56.3,LA
2006-11-06 21:45:00,715916,7,5,S,ML,0.41,32,100,251.0,0.0357,63.5,LA
2006-11-06 21:45:00,715922,7,5,S,ML,0.52,30,100,143.0,0.0354,68.2,LA
2006-11-06 21:45:00,715929,7,5,S,ML,0.47,40,100,285.0,0.0448,68.1,LA
2006-11-06 21:45:00,715930,7,5,N,ML,0.505,40,100,281.0,0.0431,70.5,LA
2006-11-06 21:45:00,715938,7,5,N,ML,0.545,40,100,300.0,0.0472,68.9,LA
2006-11-06 21:45:00,715944,7,5,N,ML,0.323,40,100,243.0,0.0359,67.4,LA
2006-11-06 21:45:00,715947,7,5,S,ML,0.495,30,100,338.0,0.0678,63.5,LA
2006-11-06 21:45:00,716026,7,210,E,HV,1.255,10,100,14.0,0.0061,64.9,LA
2006-11-06 21:45:00,716028,7,10,E,ML,0.306,30,100,156.0,0.0267,61.2,LA
2006-11-06 21:45:00,716067,7,10,E,ML,0.245,30,100,88.0,0.0138,67.5,LA
2006-11-06 21:45:00,716072,7,10,E,ML,0.28,60,100,467.0,0.0463,63.2,LA
2006-11-06 21:45:00,716075,7,10,E,ML,0.37,60,100,420.0,0.0351,61.3,LA
2006-11-06 21:45:00,716076,7,10,W,ML,0.37,60,100,343.0,0.0251,66.3,LA
2006-11-06 21:45:00,716078,7,10,E,ML,0.5,59,100,306.0,0.0332,63.2,LA
2006-11-06 21:45:00,716081,7,10,E,ML,0.19,40,75,349.0,0.0458,67.9,LA
2006-11-06 21:45:00,716084,7,10,W,ML,0.11,40,100,207.0,0.0245,66.9,LA
2006-11-06 21:45:00,716088,7,10,W,ML,0.29,40,100,378.0,0.0345,79.8,LA
2006-11-06 21:45:00,716091,7,10,W,ML,0.495,40,100,423.0,0.0393,79.8,LA
2006-11-06 21:45:00,716092,7,10,E,ML,0.446,40,100,571.0,0.0483,78.7,LA
2006-11-06 21:45:00,716101,7,10,W,ML,0.38,40,100,286.0,0.0408,65.6,LA
2006-11-06 21:45:00,716126,7,10,E,ML,0.475,36,100,272.0,0.0345,68.6,LA
2006-11-06 21:45:00,716142,7,210,E,ML,1.255,40,100,198.0,0.0307,69.2,LA
2006-11-06 21:45:00,716143,7,210,E,ML,1.85,40,100,106.0,0.0204,62.3,LA
2006-11-06 21:45:00,716146,7,10,W,ML,0.5,49,80,342.0,0.0647,69.3,LA
2006-11-06 21:45:00,716176,7,10,W,ML,0.39,50,80,225.0,0.0275,69.4,LA
2006-11-06 21:45:00,716187,7,10,E,ML,0.515,40,75,375.0,0.0519,73.5,LA
2006-11-06 21:45:00,716193,7,10,W,ML,0.515,40,100,272.0,0.0481,68.3,LA
2006-11-06 21:45:00,716213,7,60,E,ML,0.915,40,100,345.0,0.0355,74.5,LA
2006-11-06 21:45:00,716241,7,60,W,ML,0.64,40,100,260.0,0.0417,65.3,LA
2006-11-06 21:45:00,716253,7,60,W,ML,0.655,40,100,320.0,0.0443,77.6,LA
2006-11-06 21:45:00,716254,7,60,E,ML,0.64,40,100,426.0,0.0612,77.6,LA
2006-11-06 21:45:00,716272,7,91,E,ML,0.333,30,100,51.0,0.0171,65.3,LA
2006-11-06 21:45:00,716273,7,91,E,ML,0.525,30,100,80.0,0.0177,70.1,LA
2006-11-06 21:45:00,716295,7,91,W,ML,0.405,50,100,316.0,0.0372,70.7,LA
2006-11-06 21:45:00,716296,7,91,E,ML,0.53,50,100,396.0,0.0486,68.5,LA
2006-11-06 21:45:00,716311,7,91,W,ML,0.52,50,100,354.0,0.041,73.1,LA
2006-11-06 21:45:00,716312,7,91,E,ML,0.52,60,100,295.0,0.0257,71.6,LA
2006-11-06 21:45:00,716328,7,101,S,ML,0.365,40,100,523.0,0.0621,69.5,LA
2006-11-06 21:45:00,716331,7,101,S,ML,0.355,36,100,423.0,0.0759,62.7,LA
2006-11-06 21:45:00,716337,7,101,N,ML,0.46,40,100,418.0,0.0575,69.0,LA
2006-11-06 21:45:00,716339,7,101,S,ML,0.525,40,100,301.0,0.0496,63.6,LA
2006-11-06 21:45:00,716390,7,101,S,ML,0.79,40,80,179.0,0.0252,68.0,LA
2006-11-06 21:45:00,716391,7,101,S,ML,0.76,40,100,158.0,0.0238,65.2,LA
2006-11-06 21:45:00,716402,7,105,W,ML,0.75,30,67,109.0,0.0307,63.7,LA
2006-11-06 21:45:00,716404,7,105,W,ML,0.35,30,100,174.0,0.0514,66.2,LA
2006-11-06 21:45:00,716405,7,105,W,ML,0.45,40,50,292.0,0.0585,64.4,LA
2006-11-06 21:45:00,716407,7,105,W,ML,0.65,30,67,137.0,0.04,67.7,LA
2006-11-06 21:45:00,716409,7,105,W,ML,0.75,30,100,157.0,0.0696,61.9,LA
2006-11-06 21:45:00,716413,7,105,W,ML,0.6,40,100,367.0,0.0462,75.1,LA
2006-11-06 21:45:00,716414,7,105,E,ML,0.5,30,100,317.0,0.0641,61.8,LA
2006-11-06 21:45:00,716419,7,105,E,ML,0.55,40,100,383.0,0.0528,59.8,LA
2006-11-06 21:45:00,716421,7,105,E,ML,0.55,40,100,408.0,0.0609,57.7,LA
2006-11-06 21:45:00,716422,7,105,W,ML,0.5,40,100,272.0,0.0413,63.9,LA
2006-11-06 21:45:00,716426,7,105,W,ML,0.495,30,100,240.0,0.046,59.4,LA
2006-11-06 21:45:00,716427,7,105,E,ML,0.32,30,100,233.0,0.0443,59.6,LA
2006-11-06 21:45:00,716428,7,105,W,ML,0.55,30,100,189.0,0.0303,61.2,LA
2006-11-06 21:45:00,716431,7,105,E,ML,0.3,40,75,414.0,0.0655,62.5,LA
2006-11-06 21:45:00,716432,7,105,W,HV,0.3,10,100,32.0,0.0193,61.4,LA
2006-11-06 21:45:00,716433,7,105,E,ML,0.4,40,100,371.0,0.0265,63.1,LA
2006-11-06 21:45:00,716434,7,105,W,ML,0.3,40,100,329.0,0.0525,56.9,LA
2006-11-06 21:45:00,716437,7,105,W,ML,0.65,30,100,390.0,0.0685,63.8,LA
2006-11-06 21:45:00,716440,7,105,E,ML,0.6,20,33,321.0,0.0539,69.5,LA
2006-11-06 21:45:00,716442,7,105,E,ML,0.6,30,67,364.0,0.0629,73.6,LA
2006-11-06 21:45:00,716443,7,105,W,ML,0.45,30,100,384.0,0.0595,65.7,LA
2006-11-06 21:45:00,716448,7,105,W,ML,0.5,30,100,380.0,0.0782,69.2,LA
2006-11-06 21:45:00,716449,7,105,E,ML,0.65,40,100,407.0,0.043,76.4,LA
2006-11-06 21:45:00,716450,7,105,W,ML,0.455,40,100,386.0,0.0477,65.8,LA
2006-11-06 21:45:00,716453,7,105,E,ML,0.305,30,100,208.0,0.0364,65.5,LA
2006-11-06 21:45:00,716456,7,105,E,ML,0.47,49,100,194.0,0.0279,66.4,LA
2006-11-06 21:45:00,716457,7,105,W,ML,0.55,49,100,294.0,0.0258,74.7,LA
2006-11-06 21:45:00,716459,7,105,W,ML,0.45,30,100,266.0,0.0418,66.7,LA
2006-11-06 21:45:00,716460,7,105,E,ML,0.4,30,100,338.0,0.0733,53.7,LA
2006-11-06 21:45:00,716461,7,105,W,ML,0.35,30,100,281.0,0.0678,53.2,LA
2006-11-06 21:45:00,716466,7,105,E,ML,0.45,27,100,272.0,0.0599,55.3,LA
2006-11-06 21:45:00,716470,7,105,E,ML,0.665,40,100,295.0,0.0478,56.6,LA
2006-11-06 21:45:00,716481,7,110,S,ML,0.67,30,67,140.0,0.03,65.3,LA
2006-11-06 21:45:00,716484,7,110,N,ML,0.77,50,100,268.0,0.0302,66.5,LA
2006-11-06 21:45:00,716485,7,110,S,ML,0.555,60,100,351.0,0.0303,67.6,LA
2006-11-06 21:45:00,716499,7,110,N,ML,0.39,40,100,357.0,0.0342,77.6,LA
2006-11-06 21:45:00,716500,7,110,S,ML,0.795,40,50,262.0,0.0362,66.4,LA
2006-11-06 21:45:00,716541,7,118,E,HV,2.71,10,100,1.0,0.0003,65.2,LA
2006-11-06 21:45:00,716551,7,134,W,ML,0.906,40,100,151.0,0.0143,71.3,LA
2006-11-06 21:45:00,716554,7,134,W,ML,0.355,40,100,275.0,0.0416,68.0,LA
2006-11-06 21:45:00,716626,7,405,S,ML,0.26,50,80,323.0,0.0419,70.1,LA
2006-11-06 21:45:00,716674,7,405,S,ML,0.48,40,100,321.0,0.045,68.3,LA
2006-11-06 21:45:00,716689,7,405,N,ML,0.385,40,100,326.0,0.0429,67.1,LA
2006-11-06 21:45:00,716694,7,405,N,ML,0.488,40,80,369.0,0.0406,69.0,LA
2006-11-06 21:45:00,716733,7,405,N,ML,1.11,50,100,392.0,0.0535,71.5,LA
2006-11-06 21:45:00,716739,7,405,N,ML,0.7,60,100,500.0,0.0456,63.0,LA
2006-11-06 21:45:00,716760,7,605,N,ML,0.47,40,75,308.0,0.0402,66.4,LA
2006-11-06 21:45:00,716775,7,605,S,ML,0.535,50,100,257.0,0.0298,73.3,LA
2006-11-06 21:45:00,716776,7,605,S,ML,0.56,40,75,194.0,0.0229,68.7,LA
2006-11-06 21:45:00,716788,7,605,N,ML,0.24,40,80,246.0,0.0319,62.3,LA
2006-11-06 21:45:00,716800,7,605,N,ML,0.557,40,100,378.0,0.057,68.6,LA
2006-11-06 21:45:00,716810,7,605,S,ML,0.453,40,100,449.0,0.1045,60.4,LA
2006-11-06 21:45:00,716819,7,605,N,ML,0.473,39,50,391.0,0.0741,64.6,LA
2006-11-06 21:45:00,716834,7,605,N,ML,1.201,40,100,343.0,0.0597,68.8,LA
2006-11-06 21:45:00,716841,7,605,N,ML,0.426,40,100,218.0,0.0266,68.4,LA
2006-11-06 21:45:00,716847,7,710,S,ML,0.97,36,100,142.0,0.0225,68.5,LA
2006-11-06 21:45:00,716857,7,710,S,ML,0.493,45,100,359.0,0.0378,74.2,LA
2006-11-06 21:45:00,716875,7,710,S,ML,0.519,40,100,238.0,0.0389,65.8,LA
2006-11-06 21:45:00,716895,7,5,S,ML,0.575,40,100,242.0,0.0407,63.7,LA
2006-11-06 21:45:00,716896,7,5,N,ML,0.455,40,100,242.0,0.0396,66.0,LA
2006-11-06 21:45:00,716897,7,5,N,ML,0.105,30,100,198.0,0.0486,60.9,LA
2006-11-06 21:45:00,716899,7,5,N,ML,0.425,30,100,212.0,0.0491,65.2,LA
2006-11-06 21:45:00,716900,7,5,N,ML,0.46,30,33,224.0,0.0468,62.0,LA
2006-11-06 21:45:00,716901,7,5,S,ML,0.485,30,100,226.0,0.0512,71.1,LA
2006-11-06 21:45:00,716904,7,5,N,ML,0.385,30,100,220.0,0.0471,68.2,LA
2006-11-06 21:45:00,716906,7,5,S,ML,0.335,30,100,182.0,0.0371,69.5,LA
2006-11-06 21:45:00,716907,7,5,S,ML,0.41,30,100,221.0,0.0493,68.7,LA
2006-11-06 21:45:00,716908,7,5,S,ML,0.47,29,100,192.0,0.0539,57.0,LA
2006-11-06 21:45:00,716910,7,5,N,ML,0.315,30,100,209.0,0.0423,65.3,LA
2006-11-06 21:45:00,716911,7,5,S,ML,0.47,30,100,188.0,0.0577,64.7,LA
2006-11-06 21:45:00,716912,7,5,S,ML,0.305,24,100,200.0,0.039,63.2,LA
2006-11-06 21:45:00,716913,7,5,N,ML,0.27,18,100,205.0,0.044,67.4,LA
2006-11-06 21:45:00,716915,7,5,S,ML,0.3,40,100,236.0,0.0351,73.5,LA
2006-11-06 21:45:00,716916,7,5,S,ML,0.275,20,100,286.0,0.0535,68.8,LA
2006-11-06 21:45:00,716920,7,5,S,ML,0.415,40,100,263.0,0.0358,65.3,LA
2006-11-06 21:45:00,716921,7,5,N,ML,0.415,40,100,261.0,0.0411,66.8,LA
2006-11-06 21:45:00,716928,7,5,S,ML,0.421,40,100,337.0,0.0516,69.8,LA
2006-11-06 21:45:00,716929,7,5,N,ML,0.421,39,100,275.0,0.0462,71.0,LA
2006-11-06 21:45:00,716930,7,5,S,ML,0.323,40,100,387.0,0.0549,64.2,LA
2006-11-06 21:45:00,716933,7,5,N,ML,0.565,50,80,339.0,0.0479,70.9,LA
2006-11-06 21:45:00,716934,7,5,S,ML,0.546,50,100,460.0,0.0573,70.3,LA
2006-11-06 21:45:00,716936,7,5,S,ML,0.4,50,100,440.0,0.0493,69.1,LA
2006-11-06 21:45:00,716937,7,5,N,ML,0.495,50,100,338.0,0.0474,70.3,LA
2006-11-06 21:45:00,716938,7,5,S,ML,0.835,16,100,135.0,0.0406,68.1,LA
2006-11-06 21:45:00,716941,7,5,S,ML,0.39,30,50,180.0,0.039,66.9,LA
2006-11-06 21:45:00,716942,7,5,N,ML,1.935,50,100,301.0,0.0399,71.3,LA
2006-11-06 21:45:00,716943,7,5,S,ML,0.43,30,100,156.0,0.0332,68.9,LA
2006-11-06 21:45:00,716946,7,5,S,ML,0.625,30,100,199.0,0.0454,67.9,LA
2006-11-06 21:45:00,716949,7,5,S,ML,0.57,40,60,317.0,0.0406,66.8,LA
2006-11-06 21:45:00,716951,7,5,N,ML,0.735,40,75,301.0,0.0533,66.4,LA
2006-11-06 21:45:00,716953,7,5,N,ML,0.465,48,100,329.0,0.0559,58.7,LA
2006-11-06 21:45:00,716955,7,5,S,ML,0.465,45,40,275.0,0.0481,63.3,LA
2006-11-06 21:45:00,716956,7,5,N,ML,0.55,50,100,324.0,0.041,69.7,LA
2006-11-06 21:45:00,716958,7,5,S,ML,0.704,48,100,240.0,0.0386,66.0,LA
2006-11-06 21:45:00,716963,7,5,N,ML,0.36,40,100,275.0,0.0509,65.2,LA
2006-11-06 21:45:00,716965,7,5,S,ML,0.27,40,100,260.0,0.0425,68.4,LA
2006-11-06 21:45:00,716968,7,5,N,ML,0.315,39,100,280.0,0.0486,65.3,LA
2006-11-06 21:45:00,716971,7,5,N,ML,0.265,40,100,246.0,0.0399,66.8,LA
2006-11-06 21:45:00,716973,7,5,N,ML,0.435,40,100,292.0,0.0464,70.3,LA
2006-11-06 21:45:00,716977,7,5,S,ML,0.495,10,25,229.0,0.0392,64.3,LA
2006-11-06 21:45:00,716978,7,5,N,ML,0.71,40,75,322.0,0.0532,69.2,LA
2006-11-06 21:45:00,716979,7,5,S,ML,0.765,40,25,153.0,0.0322,67.0,LA
2006-11-06 21:45:00,716981,7,5,N,ML,0.72,40,75,260.0,0.0431,70.0,LA
2006-11-06 21:45:00,716983,7,5,S,ML,0.795,40,100,157.0,0.0242,70.2,LA
2006-11-06 21:45:00,716985,7,5,N,ML,0.86,40,100,252.0,0.0393,74.6,LA
2006-11-06 21:45:00,716986,7,5,S,ML,0.905,40,75,182.0,0.0381,67.5,LA
2006-11-06 21:45:00,716988,7,5,N,ML,1.155,40,100,272.0,0.053,70.5,LA
2006-11-06 21:45:00,716989,7,5,S,ML,0.65,40,25,183.0,0.0398,65.2,LA
2006-11-06 21:45:00,716991,7,5,S,ML,0.505,40,25,175.0,0.0392,65.7,LA
2006-11-06 21:45:00,716993,7,5,S,ML,0.65,40,75,195.0,0.0325,60.6,LA
2006-11-06 21:45:00,716994,7,5,N,ML,0.51,40,50,316.0,0.043,65.9,LA
2006-11-06 21:45:00,717000,7,5,N,ML,0.925,40,100,269.0,0.0397,70.9,LA
2006-11-06 21:45:00,717001,7,5,S,ML,0.84,40,100,200.0,0.0416,67.2,LA
2006-11-06 21:45:00,717004,7,5,S,ML,0.27,41,67,350.0,0.0362,69.6,LA
2006-11-06 21:45:00,717011,7,10,E,ML,0.28,50,100,399.0,0.0361,70.7,LA
2006-11-06 21:45:00,717014,7,10,E,ML,0.325,40,100,402.0,0.0491,68.1,LA
2006-11-06 21:45:00,717015,7,10,W,ML,0.425,40,100,850.0,0.2007,45.6,LA
2006-11-06 21:45:00,717016,7,10,E,ML,0.23,40,100,381.0,0.0506,68.6,LA
2006-11-06 21:45:00,717047,7,10,W,ML,0.291,30,100,141.0,0.0254,63.8,LA
2006-11-06 21:45:00,717049,7,10,W,ML,0.125,30,100,89.0,0.0167,65.4,LA
2006-11-06 21:45:00,717055,7,10,W,ML,0.28,40,100,217.0,0.0388,50.7,LA
2006-11-06 21:45:00,717065,7,10,W,ML,0.19,40,100,220.0,0.0326,68.5,LA
2006-11-06 21:45:00,717071,7,10,W,ML,0.385,30,100,277.0,0.0353,78.6,LA
2006-11-06 21:45:00,717073,7,10,W,ML,0.395,40,100,188.0,0.0404,52.1,LA
2006-11-06 21:45:00,717075,7,10,E,ML,0.32,39,100,283.0,0.053,51.3,LA
2006-11-06 21:45:00,717077,7,10,E,ML,0.235,40,50,327.0,0.0477,58.9,LA
2006-11-06 21:45:00,717081,7,10,W,ML,0.33,40,100,188.0,0.0358,57.6,LA
2006-11-06 21:45:00,717083,7,10,E,ML,0.195,40,100,318.0,0.042,51.4,LA
2006-11-06 21:45:00,717084,7,10,E,ML,0.37,40,100,415.0,0.0567,64.7,LA
2006-11-06 21:45:00,717087,7,10,W,ML,0.33,40,100,245.0,0.0334,70.2,LA
2006-11-06 21:45:00,717089,7,10,E,ML,0.325,40,100,376.0,0.0479,76.1,LA
2006-11-06 21:45:00,717091,7,10,W,ML,0.18,40,100,250.0,0.0355,71.4,LA
2006-11-06 21:45:00,717093,7,10,E,ML,0.275,40,100,391.0,0.0548,68.7,LA
2006-11-06 21:45:00,717095,7,10,W,ML,0.29,40,100,318.0,0.0426,71.3,LA
2006-11-06 21:45:00,717097,7,10,E,ML,0.245,40,100,383.0,0.0437,67.9,LA
2006-11-06 21:45:00,717099,7,134,W,ML,1.025,40,100,221.0,0.0342,66.1,LA
2006-11-06 21:45:00,717101,7,10,W,ML,0.235,40,100,272.0,0.0373,70.0,LA
2006-11-06 21:45:00,717105,7,10,E,ML,0.26,40,100,389.0,0.0509,68.6,LA
2006-11-06 21:45:00,717108,7,10,W,ML,0.25,40,100,299.0,0.0445,70.6,LA
2006-11-06 21:45:00,717110,7,10,E,ML,0.255,40,100,348.0,0.0595,58.8,LA
2006-11-06 21:45:00,717112,7,10,W,ML,0.265,40,100,287.0,0.0392,68.1,LA
2006-11-06 21:45:00,717114,7,10,E,ML,0.25,40,100,367.0,0.0508,67.9,LA
2006-11-06 21:45:00,717116,7,10,W,ML,0.255,40,100,294.0,0.0379,69.3,LA
2006-11-06 21:45:00,717119,7,10,W,ML,0.246,40,100,232.0,0.035,68.3,LA
2006-11-06 21:45:00,717121,7,10,W,ML,0.445,40,50,377.0,0.0513,71.2,LA
2006-11-06 21:45:00,717123,7,10,E,ML,0.45,40,100,372.0,0.0512,72.7,LA
2006-11-06 21:45:00,717125,7,10,W,ML,0.309,40,100,240.0,0.0356,68.8,LA
2006-11-06 21:45:00,717127,7,10,E,ML,0.315,40,100,298.0,0.0496,68.0,LA
2006-11-06 21:45:00,717129,7,10,W,ML,0.17,40,100,256.0,0.0391,72.2,LA
2006-11-06 21:45:00,717135,7,10,W,ML,0.48,40,100,259.0,0.0251,69.9,LA
2006-11-06 21:45:00,717139,7,10,W,ML,0.465,36,100,241.0,0.0393,65.8,LA
2006-11-06 21:45:00,717140,7,10,E,HV,0.554,9,100,26.0,0.0128,64.7,LA
2006-11-06 21:45:00,717142,7,10,W,ML,0.625,36,100,220.0,0.035,69.0,LA
2006-11-06 21:45:00,717143,7,605,N,ML,0.325,30,75,258.0,0.0353,69.8,LA
2006-11-06 21:45:00,717146,7,10,E,ML,0.71,40,100,278.0,0.0677,64.2,LA
2006-11-06 21:45:00,717148,7,10,E,HV,0.71,10,100,21.0,0.0095,64.9,LA
2006-11-06 21:45:00,717150,7,10,W,ML,0.526,50,100,249.0,0.0269,73.1,LA
2006-11-06 21:45:00,717152,7,10,E,ML,0.6,35,100,206.0,0.0383,63.1,LA
2006-11-06 21:45:00,717154,7,10,W,ML,0.32,45,100,199.0,0.0274,65.4,LA
2006-11-06 21:45:00,717155,7,10,E,ML,0.59,40,100,284.0,0.0437,68.4,LA
2006-11-06 21:45:00,717156,7,10,E,ML,0.66,40,100,296.0,0.0435,67.9,LA
2006-11-06 21:45:00,717157,7,10,W,ML,0.66,40,100,269.0,0.0401,69.4,LA
2006-11-06 21:45:00,717158,7,10,E,HV,2.855,10,100,24.0,0.0116,58.3,LA
2006-11-06 21:45:00,717160,7,10,W,ML,0.455,40,100,304.0,0.0455,68.1,LA
2006-11-06 21:45:00,717162,7,10,W,ML,0.305,40,100,300.0,0.0395,68.3,LA
2006-11-06 21:45:00,717165,7,10,E,ML,1.08,40,100,308.0,0.0462,66.1,LA
2006-11-06 21:45:00,717167,7,10,W,ML,0.3,40,100,297.0,0.0449,71.6,LA
2006-11-06 21:45:00,717169,7,10,W,ML,0.575,40,75,279.0,0.0467,67.6,LA
2006-11-06 21:45:00,717171,7,10,W,ML,0.595,40,100,279.0,0.0424,71.4,LA
2006-11-06 21:45:00,717176,7,10,W,ML,0.45,40,75,271.0,0.0378,68.8,LA
2006-11-06 21:45:00,717179,7,10,E,ML,0.45,40,100,304.0,0.0503,67.5,LA
2006-11-06 21:45:00,717185,7,10,E,ML,0.3,40,100,301.0,0.0406,70.8,LA
2006-11-06 21:45:00,717187,7,10,W,ML,0.275,40,100,275.0,0.0412,71.0,LA
2006-11-06 21:45:00,717190,7,10,E,ML,0.27,40,100,300.0,0.04,68.7,LA
2006-11-06 21:45:00,717192,7,10,W,ML,0.27,40,100,273.0,0.0394,70.1,LA
2006-11-06 21:45:00,717195,7,10,E,ML,0.332,40,75,322.0,0.0497,66.8,LA
2006-11-06 21:45:00,717196,7,10,W,ML,0.314,40,100,267.0,0.0386,70.4,LA
2006-11-06 21:45:00,717198,7,10,E,ML,0.27,40,100,332.0,0.0504,69.1,LA
2006-11-06 21:45:00,717200,7,10,W,ML,0.295,40,75,280.0,0.0428,67.5,LA
2006-11-06 21:45:00,717202,7,10,W,ML,0.26,40,100,208.0,0.0394,60.4,LA
2006-11-06 21:45:00,717205,7,10,E,ML,0.545,40,100,357.0,0.0539,67.9,LA
2006-11-06 21:45:00,717207,7,10,W,ML,0.245,40,100,259.0,0.0353,71.6,LA
2006-11-06 21:45:00,717209,7,10,W,ML,0.275,40,100,273.0,0.042,71.8,LA
2006-11-06 21:45:00,717211,7,10,W,ML,0.235,40,75,263.0,0.0408,66.6,LA
2006-11-06 21:45:00,717214,7,10,E,ML,0.43,50,100,347.0,0.0393,70.3,LA
2006-11-06 21:45:00,717216,7,10,W,ML,0.41,30,75,227.0,0.033,69.4,LA
2006-11-06 21:45:00,717219,7,10,E,ML,0.33,50,80,368.0,0.0398,70.2,LA
2006-11-06 21:45:00,717220,7,10,W,ML,0.33,40,100,270.0,0.0436,70.9,LA
2006-11-06 21:45:00,717224,7,10,W,ML,0.255,40,75,232.0,0.0351,70.0,LA
2006-11-06 21:45:00,717232,7,10,E,ML,0.39,50,100,300.0,0.0332,71.5,LA
2006-11-06 21:45:00,717235,7,10,W,ML,0.58,40,50,132.0,0.0182,69.1,LA
2006-11-06 21:45:00,717236,7,10,E,ML,0.58,50,80,227.0,0.0294,74.7,LA
2006-11-06 21:45:00,717243,7,10,E,ML,0.46,32,100,320.0,0.045,71.0,LA
2006-11-06 21:45:00,717245,7,10,W,ML,0.655,40,75,300.0,0.0487,71.9,LA
2006-11-06 21:45:00,717246,7,10,W,ML,0.47,40,100,213.0,0.047,58.8,LA
2006-11-06 21:45:00,717247,7,10,E,ML,0.471,39,100,372.0,0.0395,59.0,LA
2006-11-06 21:45:00,717249,7,10,W,ML,0.427,40,100,247.0,0.0419,71.6,LA
2006-11-06 21:45:00,717251,7,10,E,ML,0.468,39,75,273.0,0.0492,65.4,LA
2006-11-06 21:45:00,717252,7,10,W,ML,0.278,40,100,242.0,0.0436,67.5,LA
2006-11-06 21:45:00,717257,7,10,E,ML,0.655,40,100,322.0,0.0517,68.3,LA
2006-11-06 21:45:00,717258,7,10,W,ML,0.845,40,100,247.0,0.0422,67.2,LA
2006-11-06 21:45:00,717260,7,10,E,ML,0.71,40,100,302.0,0.051,67.1,LA
2006-11-06 21:45:00,717262,7,60,E,ML,1.214,30,100,264.0,0.0612,54.5,LA
2006-11-06 21:45:00,717263,7,60,W,ML,0.625,50,80,179.0,0.0222,70.0,LA
2006-11-06 21:45:00,717264,7,60,E,ML,0.765,50,100,230.0,0.0256,70.1,LA
2006-11-06 21:45:00,717265,7,60,E,ML,0.43,50,100,250.0,0.0355,61.2,LA
2006-11-06 21:45:00,717266,7,60,W,ML,0.495,50,100,179.0,0.0206,68.9,LA
2006-11-06 21:45:00,717268,7,60,E,ML,0.02,50,100,227.0,0.0309,66.3,LA
2006-11-06 21:45:00,717269,7,60,W,ML,0.47,49,100,146.0,0.0254,63.6,LA
2006-11-06 21:45:00,717270,7,60,W,ML,0.915,40,100,196.0,0.0214,69.6,LA
2006-11-06 21:45:00,717273,7,60,E,ML,0.742,50,100,343.0,0.0414,71.4,LA
2006-11-06 21:45:00,717274,7,60,W,ML,0.77,53,100,227.0,0.0172,70.4,LA
2006-11-06 21:45:00,717277,7,60,W,ML,0.295,50,100,228.0,0.0303,69.5,LA
2006-11-06 21:45:00,717279,7,60,E,ML,0.293,60,100,272.0,0.0251,70.4,LA
2006-11-06 21:45:00,717281,7,60,W,ML,1.535,50,100,239.0,0.0252,70.6,LA
2006-11-06 21:45:00,717282,7,60,W,ML,1.435,50,100,243.0,0.0305,72.6,LA
2006-11-06 21:45:00,717285,7,60,E,ML,1.487,40,100,235.0,0.0304,70.0,LA
2006-11-06 21:45:00,717288,7,60,W,ML,0.473,50,100,207.0,0.0242,71.0,LA
2006-11-06 21:45:00,717290,7,60,E,ML,0.373,40,100,246.0,0.024,69.7,LA
2006-11-06 21:45:00,717292,7,60,E,ML,0.758,40,100,229.0,0.017,69.2,LA
2006-11-06 21:45:00,717294,7,60,W,ML,0.773,50,100,209.0,0.023,73.1,LA
2006-11-06 21:45:00,717296,7,60,E,ML,0.545,40,100,265.0,0.0449,69.7,LA
2006-11-06 21:45:00,717298,7,60,W,ML,0.48,50,100,156.0,0.017,72.5,LA
2006-11-06 21:45:00,717300,7,60,W,ML,0.355,50,100,185.0,0.0245,70.2,LA
2006-11-06 21:45:00,717301,7,60,E,ML,0.335,50,100,307.0,0.0344,71.2,LA
2006-11-06 21:45:00,717318,7,60,E,ML,1.2,45,100,294.0,0.0455,66.5,LA
2006-11-06 21:45:00,717322,7,60,E,ML,0.57,40,100,294.0,0.0498,66.4,LA
2006-11-06 21:45:00,717327,7,60,W,ML,0.39,40,100,256.0,0.0268,69.2,LA
2006-11-06 21:45:00,717328,7,60,E,ML,0.325,40,100,321.0,0.0514,67.8,LA
2006-11-06 21:45:00,717332,7,60,E,ML,0.79,40,100,292.0,0.0461,70.1,LA
2006-11-06 21:45:00,717334,7,60,E,ML,0.205,36,100,310.0,0.0502,68.1,LA
2006-11-06 21:45:00,717337,7,60,W,ML,0.29,40,100,278.0,0.0381,71.6,LA
2006-11-06 21:45:00,717339,7,60,W,ML,0.585,40,75,221.0,0.0217,67.2,LA
2006-11-06 21:45:00,717342,7,60,W,ML,0.515,40,100,182.0,0.0223,63.9,LA
2006-11-06 21:45:00,717346,7,60,E,ML,0.46,40,100,235.0,0.0406,61.3,LA
2006-11-06 21:45:00,717350,7,60,W,ML,0.485,40,100,182.0,0.0303,64.4,LA
2006-11-06 21:45:00,717352,7,60,E,ML,0.54,28,100,224.0,0.0587,55.0,LA
2006-11-06 21:45:00,717355,7,60,W,ML,0.915,40,100,210.0,0.0187,69.9,LA
2006-11-06 21:45:00,717365,7,91,W,ML,0.495,30,75,192.0,0.0277,69.8,LA
2006-11-06 21:45:00,717367,7,91,E,ML,0.495,50,100,173.0,0.0193,71.1,LA
2006-11-06 21:45:00,717369,7,91,E,ML,0.325,40,100,197.0,0.0243,67.2,LA
2006-11-06 21:45:00,717373,7,91,E,ML,0.42,40,100,188.0,0.0255,68.0,LA
2006-11-06 21:45:00,717374,7,91,W,ML,0.415,39,100,174.0,0.0235,70.3,LA
2006-11-06 21:45:00,717375,7,91,W,ML,0.385,40,100,172.0,0.0236,70.8,LA
2006-11-06 21:45:00,717376,7,91,E,ML,0.385,40,100,196.0,0.0275,70.1,LA
2006-11-06 21:45:00,717378,7,91,W,ML,0.545,40,100,195.0,0.0262,70.9,LA
2006-11-06 21:45:00,717379,7,91,E,ML,0.545,40,100,252.0,0.0307,67.4,LA
2006-11-06 21:45:00,717380,7,91,W,ML,0.515,40,100,145.0,0.0188,70.7,LA
2006-11-06 21:45:00,717381,7,91,E,ML,0.51,40,100,240.0,0.0338,70.5,LA
2006-11-06 21:45:00,717383,7,91,E,ML,0.405,40,100,233.0,0.0318,68.8,LA
2006-11-06 21:45:00,717384,7,91,W,ML,0.405,30,100,133.0,0.0242,69.2,LA
2006-11-06 21:45:00,717385,7,91,E,HV,0.685,10,100,1.0,0.0101,62.5,LA
2006-11-06 21:45:00,717387,7,91,E,ML,0.45,40,100,229.0,0.0325,70.6,LA
2006-11-06 21:45:00,717388,7,91,W,ML,0.45,40,100,143.0,0.0196,72.4,LA
2006-11-06 21:45:00,717392,7,91,W,ML,0.585,30,100,160.0,0.0319,65.9,LA
2006-11-06 21:45:00,717393,7,91,E,ML,0.585,30,100,171.0,0.0344,67.1,LA
2006-11-06 21:45:00,717410,7,91,W,ML,0.52,40,100,288.0,0.0419,69.4,LA
2006-11-06 21:45:00,717420,7,91,E,ML,0.37,50,100,281.0,0.0332,72.0,LA
2006-11-06 21:45:00,717421,7,91,W,ML,0.445,40,100,276.0,0.0556,69.0,LA
2006-11-06 21:45:00,717422,7,91,E,HV,0.37,10,100,5.0,0.0023,65.0,LA
2006-11-06 21:45:00,717424,7,91,W,ML,0.27,32,100,278.0,0.0457,69.5,LA
2006-11-06 21:45:00,717426,7,91,E,ML,0.34,50,100,268.0,0.0295,71.5,LA
2006-11-06 21:45:00,717428,7,91,W,ML,0.42,40,100,288.0,0.0628,59.8,LA
2006-11-06 21:45:00,717429,7,91,W,HV,0.42,10,100,5.0,0.0023,65.1,LA
2006-11-06 21:45:00,717431,7,91,E,ML,0.42,40,100,367.0,0.0637,67.4,LA
2006-11-06 21:45:00,717433,7,91,W,ML,0.27,40,100,298.0,0.0398,69.0,LA
2006-11-06 21:45:00,717434,7,91,E,ML,0.29,40,100,378.0,0.0515,69.3,LA
2006-11-06 21:45:00,717435,7,91,W,ML,0.245,40,100,295.0,0.0455,67.8,LA
2006-11-06 21:45:00,717440,7,91,W,ML,0.35,40,100,304.0,0.0553,67.4,LA
2006-11-06 21:45:00,717442,7,91,W,ML,0.921,40,100,267.0,0.0439,66.4,LA
2006-11-06 21:45:00,717443,7,91,E,ML,0.886,40,75,325.0,0.0438,69.9,LA
2006-11-06 21:45:00,717445,7,101,N,ML,0.555,36,100,328.0,0.0473,66.1,LA
2006-11-06 21:45:00,717446,7,101,S,ML,0.36,39,100,378.0,0.0654,62.8,LA
2006-11-06 21:45:00,717447,7,101,N,ML,0.43,40,100,424.0,0.084,61.8,LA
2006-11-06 21:45:00,717450,7,101,S,ML,0.47,40,100,335.0,0.0616,59.2,LA
2006-11-06 21:45:00,717452,7,101,N,ML,0.45,40,100,399.0,0.0701,61.3,LA
2006-11-06 21:45:00,717453,7,101,S,ML,0.46,40,100,325.0,0.0604,58.5,LA
2006-11-06 21:45:00,717456,7,101,N,ML,0.29,39,100,324.0,0.0496,63.4,LA
2006-11-06 21:45:00,717458,7,101,S,ML,0.445,40,100,315.0,0.0521,63.6,LA
2006-11-06 21:45:00,717459,7,101,N,ML,0.29,39,75,361.0,0.0581,67.9,LA
2006-11-06 21:45:00,717460,7,101,N,ML,0.35,40,100,285.0,0.0458,65.1,LA
2006-11-06 21:45:00,717461,7,101,S,ML,0.35,39,100,255.0,0.0401,62.5,LA
2006-11-06 21:45:00,717462,7,101,S,ML,0.405,40,100,391.0,0.0372,67.7,LA
2006-11-06 21:45:00,717463,7,101,N,ML,0.405,40,100,378.0,0.0498,66.8,LA
2006-11-06 21:45:00,717465,7,101,N,ML,0.31,32,100,265.0,0.0385,69.7,LA
2006-11-06 21:45:00,717466,7,101,S,ML,0.31,32,100,295.0,0.0464,68.2,LA
2006-11-06 21:45:00,717472,7,101,S,ML,0.445,32,100,252.0,0.0334,65.7,LA
2006-11-06 21:45:00,717473,7,101,N,ML,0.555,32,100,308.0,0.0448,67.2,LA
2006-11-06 21:45:00,717480,7,101,N,ML,0.87,40,100,296.0,0.0401,69.5,LA
2006-11-06 21:45:00,717486,7,101,S,ML,0.86,50,100,332.0,0.0714,69.1,LA
2006-11-06 21:45:00,717488,7,101,S,ML,0.35,50,100,315.0,0.033,73.5,LA
2006-11-06 21:45:00,717489,7,101,S,ML,0.565,50,80,290.0,0.031,70.4,LA
2006-11-06 21:45:00,717490,7,101,S,ML,0.5,49,100,281.0,0.0362,60.8,LA
2006-11-06 21:45:00,717491,7,101,N,ML,0.5,50,80,281.0,0.0355,65.3,LA
2006-11-06 21:45:00,717492,7,101,N,ML,1.139,45,100,304.0,0.0358,64.6,LA
2006-11-06 21:45:00,717493,7,101,S,ML,0.91,50,100,284.0,0.0405,59.4,LA
2006-11-06 21:45:00,717499,7,101,S,ML,1.0,50,100,309.0,0.0535,55.6,LA
2006-11-06 21:45:00,717501,7,101,N,ML,1.07,49,100,384.0,0.0439,64.5,LA
2006-11-06 21:45:00,717508,7,101,S,ML,1.23,50,100,341.0,0.0339,71.2,LA
2006-11-06 21:45:00,717510,7,101,N,ML,1.886,50,100,376.0,0.0577,66.2,LA
2006-11-06 21:45:00,717511,7,101,S,ML,0.96,50,80,315.0,0.0323,71.6,LA
2006-11-06 21:45:00,717513,7,101,N,ML,1.01,50,100,348.0,0.041,69.8,LA
2006-11-06 21:45:00,717514,7,101,S,ML,1.13,40,80,362.0,0.0365,71.3,LA
2006-11-06 21:45:00,717515,7,101,N,ML,1.01,50,100,346.0,0.0404,70.0,LA
2006-11-06 21:45:00,717516,7,101,S,ML,1.08,50,100,402.0,0.0488,71.0,LA
2006-11-06 21:45:00,717517,7,101,N,ML,1.045,50,100,356.0,0.0362,73.1,LA
2006-11-06 21:45:00,717518,7,101,S,ML,0.77,50,100,268.0,0.0344,69.6,LA
2006-11-06 21:45:00,717520,7,101,S,ML,0.515,50,100,258.0,0.0279,68.6,LA
2006-11-06 21:45:00,717522,7,101,N,ML,1.205,40,100,277.0,0.0404,66.6,LA
2006-11-06 21:45:00,717524,7,101,N,ML,1.03,24,100,262.0,0.0368,68.8,LA
2006-11-06 21:45:00,717525,7,118,E,ML,2.375,40,100,94.0,0.0135,68.9,LA
2006-11-06 21:45:00,717526,7,118,E,HV,2.375,10,100,2.0,0.0009,65.0,LA
2006-11-06 21:45:00,717528,7,118,W,ML,1.405,40,100,154.0,0.0193,69.4,LA
2006-11-06 21:45:00,717530,7,118,E,ML,1.365,40,100,125.0,0.0147,68.7,LA
2006-11-06 21:45:00,717531,7,118,E,HV,1.365,9,100,2.0,0.0008,65.3,LA
2006-11-06 21:45:00,717532,7,118,W,ML,1.425,40,100,203.0,0.0265,68.7,LA
2006-11-06 21:45:00,717533,7,118,E,ML,1.515,40,100,150.0,0.022,66.7,LA
2006-11-06 21:45:00,717534,7,118,E,HV,1.515,10,100,3.0,0.0013,65.1,LA
2006-11-06 21:45:00,717535,7,118,W,ML,1.58,40,100,194.0,0.0273,66.4,LA
2006-11-06 21:45:00,717536,7,118,E,ML,1.525,40,100,152.0,0.0224,62.5,LA
2006-11-06 21:45:00,717537,7,118,W,ML,1.43,40,100,188.0,0.0277,65.0,LA
2006-11-06 21:45:00,717539,7,118,E,ML,1.08,40,100,264.0,0.0384,66.6,LA
2006-11-06 21:45:00,717540,7,118,E,HV,1.08,10,100,2.0,0.0008,64.9,LA
2006-11-06 21:45:00,717541,7,118,E,ML,0.39,40,80,280.0,0.0305,70.3,LA
2006-11-06 21:45:00,717542,7,118,E,HV,0.39,10,100,2.0,0.0009,64.8,LA
2006-11-06 21:45:00,717543,7,118,E,ML,0.47,50,80,285.0,0.0284,71.0,LA
2006-11-06 21:45:00,717544,7,118,W,ML,0.625,50,100,248.0,0.0278,69.9,LA
2006-11-06 21:45:00,717545,7,118,E,HV,0.47,10,100,1.0,0.0005,64.8,LA
2006-11-06 21:45:00,717546,7,118,W,ML,2.71,50,100,277.0,0.0303,71.1,LA
2006-11-06 21:45:00,717547,7,118,E,ML,2.71,50,60,336.0,0.0361,68.1,LA
2006-11-06 21:45:00,717562,7,118,W,ML,1.285,30,100,158.0,0.029,67.9,LA
2006-11-06 21:45:00,717565,7,118,E,ML,1.285,40,100,87.0,0.0073,68.2,LA
2006-11-06 21:45:00,717566,7,118,W,ML,1.921,20,100,35.0,0.0103,67.0,LA
2006-11-06 21:45:00,717578,7,134,E,ML,0.895,39,100,315.0,0.0419,76.4,LA
2006-11-06 21:45:00,717580,7,134,E,ML,0.655,40,100,269.0,0.035,68.7,LA
2006-11-06 21:45:00,717582,7,134,W,ML,0.585,40,100,224.0,0.0297,76.7,LA
2006-11-06 21:45:00,717583,7,134,E,ML,0.68,40,100,237.0,0.0511,53.3,LA
2006-11-06 21:45:00,717585,7,134,E,ML,0.285,40,100,269.0,0.0362,68.2,LA
2006-11-06 21:45:00,717586,7,134,E,HV,0.285,10,100,16.0,0.0075,65.0,LA
2006-11-06 21:45:00,717587,7,134,E,ML,0.54,50,100,284.0,0.0313,72.0,LA
2006-11-06 21:45:00,717588,7,134,E,HV,0.54,10,100,16.0,0.0071,64.9,LA
2006-11-06 21:45:00,717590,7,134,W,ML,1.9,36,100,149.0,0.0209,75.5,LA
2006-11-06 21:45:00,717592,7,134,E,ML,1.77,36,75,203.0,0.0373,73.0,LA
2006-11-06 21:45:00,717595,7,134,E,ML,1.765,36,100,228.0,0.0301,68.7,LA
2006-11-06 21:45:00,717597,7,134,W,ML,1.755,36,100,234.0,0.0309,69.5,LA
2006-11-06 21:45:00,717599,7,134,W,ML,0.645,39,100,246.0,0.0347,67.1,LA
2006-11-06 21:45:00,717601,7,134,E,ML,0.83,40,100,268.0,0.0468,70.8,LA
2006-11-06 21:45:00,717603,7,134,W,ML,0.816,50,100,233.0,0.023,81.3,LA
2006-11-06 21:45:00,717604,7,134,W,HV,0.816,10,100,7.0,0.0032,66.2,LA
2006-11-06 21:45:00,717606,7,134,E,ML,0.526,40,100,163.0,0.0207,76.7,LA
2006-11-06 21:45:00,717607,7,134,E,HV,0.526,10,100,6.0,0.0022,66.2,LA
2006-11-06 21:45:00,717608,7,170,S,ML,0.67,40,75,177.0,0.0254,67.4,LA
2006-11-06 21:45:00,717609,7,170,S,HV,0.67,10,100,3.0,0.0014,64.9,LA
2006-11-06 21:45:00,717610,7,170,S,ML,0.6,40,100,140.0,0.0213,67.0,LA
2006-11-06 21:45:00,717612,7,170,S,ML,0.35,40,100,142.0,0.0194,68.4,LA
2006-11-06 21:45:00,717614,7,170,S,ML,0.516,30,100,145.0,0.0272,68.3,LA
2006-11-06 21:45:00,717615,7,210,W,ML,2.85,40,100,133.0,0.0211,68.6,LA
2006-11-06 21:45:00,717617,7,210,E,ML,2.77,40,100,85.0,0.0182,68.3,LA
2006-11-06 21:45:00,717622,7,210,W,ML,0.8,30,75,122.0,0.0273,62.5,LA
2006-11-06 21:45:00,717624,7,210,W,ML,0.95,49,100,190.0,0.0256,69.8,LA
2006-11-06 21:45:00,717625,7,210,E,ML,0.835,40,100,53.0,0.0099,64.6,LA
2006-11-06 21:45:00,717627,7,210,W,ML,0.75,30,67,30.0,0.0112,65.0,LA
2006-11-06 21:45:00,717628,7,210,E,ML,0.48,10,100,12.0,0.0091,64.8,LA
2006-11-06 21:45:00,717633,7,210,E,ML,0.675,60,100,253.0,0.0285,66.8,LA
2006-11-06 21:45:00,717634,7,210,W,ML,0.56,49,80,247.0,0.0305,68.4,LA
2006-11-06 21:45:00,717635,7,210,E,ML,0.71,50,100,258.0,0.0321,67.3,LA
2006-11-06 21:45:00,717637,7,210,W,ML,0.955,50,100,167.0,0.0206,68.9,LA
2006-11-06 21:45:00,717638,7,210,E,ML,0.58,50,100,266.0,0.0493,58.0,LA
2006-11-06 21:45:00,717640,7,210,E,ML,0.77,50,100,305.0,0.0403,68.0,LA
2006-11-06 21:45:00,717641,7,210,E,HV,0.605,10,100,80.0,0.0393,64.0,LA
2006-11-06 21:45:00,717642,7,210,W,ML,0.735,50,100,292.0,0.0391,70.5,LA
2006-11-06 21:45:00,717643,7,210,W,HV,0.735,10,100,9.0,0.0192,57.8,LA
2006-11-06 21:45:00,717644,7,210,W,ML,0.57,49,100,272.0,0.032,70.6,LA
2006-11-06 21:45:00,717645,7,210,W,HV,0.57,10,100,7.0,0.0036,63.9,LA
2006-11-06 21:45:00,717649,7,210,W,ML,0.805,40,100,236.0,0.0314,75.5,LA
2006-11-06 21:45:00,717650,7,210,E,ML,0.675,45,40,330.0,0.0441,66.9,LA
2006-11-06 21:45:00,717654,7,210,E,ML,0.429,40,100,305.0,0.0387,67.6,LA
2006-11-06 21:45:00,717659,7,210,E,ML,0.605,40,100,234.0,0.0388,67.4,LA
2006-11-06 21:45:00,717660,7,710,N,ML,0.484,40,100,198.0,0.0272,69.7,LA
2006-11-06 21:45:00,717663,7,210,W,ML,0.43,40,100,252.0,0.0413,66.4,LA
2006-11-06 21:45:00,717667,7,210,E,ML,1.025,40,75,297.0,0.0501,67.2,LA
2006-11-06 21:45:00,717669,7,210,W,ML,0.6,40,75,244.0,0.0446,68.2,LA
2006-11-06 21:45:00,717670,7,210,W,HV,0.6,10,100,10.0,0.0048,64.9,LA
2006-11-06 21:45:00,717672,7,210,E,ML,0.955,40,100,302.0,0.0506,67.3,LA
2006-11-06 21:45:00,717673,7,210,W,ML,1.33,34,75,136.0,0.0573,45.6,LA
2006-11-06 21:45:00,717675,7,210,W,ML,0.544,40,100,160.0,0.0334,65.0,LA
2006-11-06 21:45:00,717676,7,210,W,ML,0.8,40,100,220.0,0.0379,49.8,LA
2006-11-06 21:45:00,717677,7,210,W,HV,0.8,10,100,6.0,0.0027,65.1,LA
2006-11-06 21:45:00,717678,7,210,W,ML,0.375,50,40,259.0,0.0307,58.5,LA
2006-11-06 21:45:00,717682,7,210,W,ML,0.37,40,100,205.0,0.0222,69.4,LA
2006-11-06 21:45:00,717684,7,210,E,ML,0.331,40,100,252.0,0.0412,69.5,LA
2006-11-06 21:45:00,717685,7,210,W,ML,0.94,40,100,187.0,0.0302,70.8,LA
2006-11-06 21:45:00,717686,7,210,W,ML,0.71,40,80,244.0,0.031,71.6,LA
2006-11-06 21:45:00,717687,7,210,W,HV,0.71,10,100,10.0,0.0048,65.2,LA
2006-11-06 21:45:00,717688,7,210,W,ML,0.8,40,75,201.0,0.0337,68.6,LA
2006-11-06 21:45:00,717689,7,210,W,HV,0.8,10,100,10.0,0.0046,65.1,LA
2006-11-06 21:45:00,717694,7,210,W,ML,1.21,30,25,257.0,0.0508,63.9,LA
2006-11-06 21:45:00,717695,7,210,W,HV,1.21,10,100,10.0,0.0047,65.1,LA
2006-11-06 21:45:00,717696,7,405,N,ML,0.85,40,100,251.0,0.0373,66.5,LA
2006-11-06 21:45:00,717697,7,405,S,ML,0.75,40,100,269.0,0.0358,66.7,LA
2006-11-06 21:45:00,717699,7,405,S,ML,0.45,40,100,238.0,0.0379,65.3,LA
2006-11-06 21:45:00,717701,7,405,N,ML,0.675,40,100,251.0,0.0311,70.3,LA
2006-11-06 21:45:00,717703,7,405,N,ML,0.505,40,100,306.0,0.0428,74.4,LA
2006-11-06 21:45:00,717706,7,405,N,ML,0.35,50,100,283.0,0.0291,74.9,LA
2006-11-06 21:45:00,717707,7,405,N,HV,0.35,10,100,17.0,0.0076,65.1,LA
2006-11-06 21:45:00,717709,7,405,N,ML,0.27,50,100,289.0,0.047,64.6,LA
2006-11-06 21:45:00,717711,7,405,N,ML,0.495,36,100,247.0,0.0321,67.9,LA
2006-11-06 21:45:00,717713,7,405,N,ML,0.175,40,100,283.0,0.0362,72.4,LA
2006-11-06 21:45:00,717715,7,405,N,ML,0.325,40,100,261.0,0.0327,70.5,LA
2006-11-06 21:45:00,717717,7,405,N,ML,0.447,50,100,308.0,0.0283,73.4,LA
2006-11-06 21:45:00,717720,7,405,N,ML,0.285,40,100,281.0,0.0486,55.5,LA
2006-11-06 21:45:00,717723,7,405,N,ML,0.73,40,100,269.0,0.0349,70.1,LA
2006-11-06 21:45:00,717724,7,405,S,ML,0.815,40,100,259.0,0.0324,71.2,LA
2006-11-06 21:45:00,717725,7,405,N,HV,0.73,10,100,14.0,0.0065,65.0,LA
2006-11-06 21:45:00,717727,7,405,N,ML,0.735,40,100,253.0,0.0337,71.8,LA
2006-11-06 21:45:00,717729,7,405,N,ML,0.725,50,100,316.0,0.0354,73.7,LA
2006-11-06 21:45:00,717731,7,405,S,ML,0.93,40,100,325.0,0.0433,70.2,LA
2006-11-06 21:45:00,717735,7,405,N,ML,0.58,40,100,295.0,0.0446,68.2,LA
2006-11-06 21:45:00,717738,7,405,N,HV,0.63,10,100,13.0,0.006,64.9,LA
2006-11-06 21:45:00,717744,7,405,N,ML,0.575,40,100,306.0,0.0439,68.4,LA
2006-11-06 21:45:00,717750,7,405,N,ML,0.505,40,100,255.0,0.0361,70.1,LA
2006-11-06 21:45:00,717751,7,405,S,ML,0.27,40,100,302.0,0.0416,69.6,LA
2006-11-06 21:45:00,717752,7,405,N,ML,0.43,40,100,173.0,0.0266,65.1,LA
2006-11-06 21:45:00,717753,7,405,S,ML,0.49,38,100,249.0,0.0344,64.3,LA
2006-11-06 21:45:00,717755,7,405,N,ML,0.595,40,100,257.0,0.0388,65.4,LA
2006-11-06 21:45:00,717756,7,405,N,HV,0.595,10,100,10.0,0.0042,63.1,LA
2006-11-06 21:45:00,717758,7,405,N,ML,0.415,40,100,259.0,0.0366,67.7,LA
2006-11-06 21:45:00,717759,7,405,N,HV,0.415,10,100,9.0,0.0041,65.0,LA
2006-11-06 21:45:00,717760,7,405,N,ML,0.48,39,100,277.0,0.0461,53.4,LA
2006-11-06 21:45:00,717761,7,405,N,HV,0.48,10,100,7.0,0.0032,65.0,LA
2006-11-06 21:45:00,717769,7,405,N,ML,0.41,40,75,240.0,0.0334,72.0,LA
2006-11-06 21:45:00,717770,7,710,N,ML,0.36,40,100,175.0,0.0295,71.5,LA
2006-11-06 21:45:00,717776,7,405,N,ML,0.385,40,100,328.0,0.0491,69.7,LA
2006-11-06 21:45:00,717779,7,405,N,ML,0.9,40,100,343.0,0.0563,69.2,LA
2006-11-06 21:45:00,717794,7,405,N,ML,0.655,50,100,475.0,0.0534,69.0,LA
2006-11-06 21:45:00,717798,7,405,N,ML,0.725,50,100,559.0,0.0619,67.9,LA
2006-11-06 21:45:00,717800,7,405,N,ML,0.51,50,100,475.0,0.0563,67.4,LA
2006-11-06 21:45:00,717801,7,405,N,ML,0.875,50,100,434.0,0.0459,68.2,LA
2006-11-06 21:45:00,717804,7,405,N,ML,1.19,50,100,307.0,0.031,70.4,LA
2006-11-06 21:45:00,717806,7,405,N,ML,0.885,50,100,396.0,0.0459,70.1,LA
2006-11-06 21:45:00,717818,7,405,N,ML,0.45,40,100,326.0,0.0441,70.1,LA
2006-11-06 21:45:00,717819,7,405,N,ML,0.78,40,100,341.0,0.0507,69.5,LA
2006-11-06 21:45:00,717821,7,405,S,ML,0.485,40,100,261.0,0.0376,68.2,LA
2006-11-06 21:45:00,717822,7,405,S,HV,0.485,10,100,9.0,0.0045,64.8,LA
2006-11-06 21:45:00,717823,7,405,N,ML,0.86,40,100,303.0,0.0411,66.7,LA
2006-11-06 21:45:00,717824,7,405,S,ML,0.73,40,100,240.0,0.0342,68.9,LA
2006-11-06 21:45:00,717825,7,405,N,ML,0.835,40,100,312.0,0.042,68.9,LA
2006-11-06 21:45:00,717826,7,405,S,ML,0.595,40,100,195.0,0.0274,67.5,LA
2006-11-06 21:45:00,717828,7,405,S,ML,0.67,60,83,199.0,0.0199,69.1,LA
2006-11-06 21:45:00,717829,7,405,S,ML,2.488,60,67,203.0,0.021,68.8,LA
2006-11-06 21:45:00,717831,7,605,N,ML,1.394,40,100,235.0,0.0376,68.7,LA
2006-11-06 21:45:00,717832,7,605,S,ML,1.379,39,100,186.0,0.0748,45.5,LA
2006-11-06 21:45:00,717833,7,605,S,ML,0.41,40,100,161.0,0.0255,64.9,LA
2006-11-06 21:45:00,717836,7,605,N,ML,0.41,40,100,235.0,0.0323,68.4,LA
2006-11-06 21:45:00,717838,7,605,S,ML,0.305,40,100,146.0,0.0186,67.7,LA
2006-11-06 21:45:00,717839,7,605,N,ML,0.3,40,100,235.0,0.0311,67.4,LA
2006-11-06 21:45:00,717842,7,605,S,ML,0.47,40,100,237.0,0.0234,67.7,LA
2006-11-06 21:45:00,717843,7,605,S,ML,0.325,40,100,204.0,0.0265,69.6,LA
2006-11-06 21:45:00,717844,7,605,N,ML,0.445,39,100,256.0,0.0333,69.1,LA
2006-11-06 21:45:00,717846,7,605,S,ML,0.445,39,100,206.0,0.0291,68.7,LA
2006-11-06 21:45:00,717847,7,605,S,ML,0.45,40,100,196.0,0.027,70.4,LA
2006-11-06 21:45:00,717848,7,605,S,ML,0.23,40,100,299.0,0.0359,67.5,LA
2006-11-06 21:45:00,717850,7,605,N,ML,0.445,40,100,218.0,0.0367,60.3,LA
2006-11-06 21:45:00,717851,7,605,N,ML,0.315,40,100,272.0,0.0275,67.5,LA
2006-11-06 21:45:00,717853,7,605,S,ML,0.315,35,100,173.0,0.1884,58.1,LA
2006-11-06 21:45:00,717854,7,605,N,ML,0.49,50,80,345.0,0.0366,72.2,LA
2006-11-06 21:45:00,717858,7,605,N,ML,0.245,50,80,268.0,0.027,68.3,LA
2006-11-06 21:45:00,717859,7,605,S,ML,0.225,48,100,294.0,0.081,58.5,LA
2006-11-06 21:45:00,717862,7,605,S,ML,0.275,50,100,234.0,0.0291,64.5,LA
2006-11-06 21:45:00,717863,7,605,N,ML,0.26,48,100,227.0,0.0309,65.1,LA
2006-11-06 21:45:00,717867,7,605,S,ML,0.275,50,80,304.0,0.051,65.1,LA
2006-11-06 21:45:00,717871,7,605,S,ML,0.24,49,100,210.0,0.0413,58.1,LA
2006-11-06 21:45:00,717872,7,605,S,ML,0.632,40,100,221.0,0.0294,72.5,LA
2006-11-06 21:45:00,717875,7,605,N,ML,0.775,50,100,341.0,0.0367,69.3,LA
2006-11-06 21:45:00,717876,7,605,N,HV,0.975,10,100,7.0,0.0017,65.1,LA
2006-11-06 21:45:00,717877,7,605,S,ML,0.705,40,100,259.0,0.0594,62.0,LA
2006-11-06 21:45:00,717881,7,605,N,ML,0.579,40,100,459.0,0.0896,72.4,LA
2006-11-06 21:45:00,717882,7,605,N,HV,0.579,10,100,19.0,0.0078,65.1,LA
2006-11-06 21:45:00,717884,7,605,S,ML,0.58,40,100,272.0,0.0453,74.4,LA
2006-11-06 21:45:00,717885,7,605,S,ML,0.575,40,100,271.0,0.0414,63.7,LA
2006-11-06 21:45:00,717887,7,605,S,ML,0.525,40,100,264.0,0.0435,67.8,LA
2006-11-06 21:45:00,717888,7,605,N,ML,0.54,40,100,387.0,0.0735,72.0,LA
2006-11-06 21:45:00,717889,7,605,S,HV,0.525,10,100,20.0,0.0098,64.9,LA
2006-11-06 21:45:00,717892,7,605,N,HV,0.54,9,100,21.0,0.0089,63.7,LA
2006-11-06 21:45:00,717893,7,605,N,ML,0.485,40,100,313.0,0.0458,69.9,LA
2006-11-06 21:45:00,717894,7,605,S,ML,0.305,40,100,234.0,0.0485,68.3,LA
2006-11-06 21:45:00,717896,7,605,S,ML,0.307,40,75,200.0,0.0347,64.8,LA
2006-11-06 21:45:00,717897,7,605,N,ML,0.505,40,100,356.0,0.0791,67.6,LA
2006-11-06 21:45:00,717898,7,605,S,ML,0.439,40,75,242.0,0.0447,65.2,LA
2006-11-06 21:45:00,717899,7,605,N,HV,0.505,10,100,13.0,0.0053,64.9,LA
2006-11-06 21:45:00,717903,7,605,N,ML,0.5,40,100,386.0,0.0611,64.2,LA
2006-11-06 21:45:00,717906,7,605,N,ML,0.324,40,100,327.0,0.055,71.3,LA
2006-11-06 21:45:00,717907,7,605,S,ML,0.306,40,100,272.0,0.0447,68.2,LA
2006-11-06 21:45:00,717908,7,605,S,HV,0.306,10,100,19.0,0.0085,65.1,LA
2006-11-06 21:45:00,717909,7,605,N,ML,0.413,40,100,366.0,0.0636,71.2,LA
2006-11-06 21:45:00,717912,7,605,S,ML,0.455,40,100,265.0,0.0487,66.9,LA
2006-11-06 21:45:00,717914,7,605,S,ML,0.414,40,100,277.0,0.0401,68.6,LA
2006-11-06 21:45:00,717915,7,605,N,ML,0.431,40,100,328.0,0.0494,69.2,LA
2006-11-06 21:45:00,717916,7,605,S,HV,0.414,10,100,17.0,0.0081,64.9,LA
2006-11-06 21:45:00,717920,7,605,N,HV,0.431,10,100,19.0,0.0095,64.9,LA
2006-11-06 21:45:00,717922,7,605,N,ML,0.291,40,100,343.0,0.0523,69.5,LA
2006-11-06 21:45:00,717925,7,605,S,ML,0.385,36,100,315.0,0.0646,65.8,LA
2006-11-06 21:45:00,717926,7,605,N,ML,0.385,36,100,362.0,0.0506,69.6,LA
2006-11-06 21:45:00,717929,7,605,N,ML,0.562,36,100,342.0,0.1072,60.9,LA
2006-11-06 21:45:00,717930,7,605,S,ML,0.55,35,75,297.0,0.093,60.2,LA
2006-11-06 21:45:00,717933,7,605,S,ML,0.55,40,100,303.0,0.0547,67.4,LA
2006-11-06 21:45:00,717934,7,605,N,ML,0.55,40,100,347.0,0.0629,63.0,LA
2006-11-06 21:45:00,717935,7,605,S,HV,0.55,10,100,11.0,0.0046,65.1,LA
2006-11-06 21:45:00,717938,7,605,N,HV,0.55,10,100,22.0,0.0103,64.6,LA
2006-11-06 21:45:00,717940,7,605,N,ML,0.26,35,100,245.0,0.0551,62.5,LA
2006-11-06 21:45:00,717942,7,605,S,ML,0.26,39,100,254.0,0.0453,57.1,LA
2006-11-06 21:45:00,717945,7,605,N,ML,0.312,40,50,237.0,0.0356,63.0,LA
2006-11-06 21:45:00,717947,7,605,S,ML,1.099,40,100,241.0,0.0355,68.6,LA
2006-11-06 21:45:00,717951,7,605,S,ML,0.98,40,100,187.0,0.0285,68.7,LA
2006-11-06 21:45:00,717954,7,605,N,ML,1.188,40,100,211.0,0.0351,61.5,LA
2006-11-06 21:45:00,717956,7,605,N,ML,1.034,40,100,228.0,0.0275,66.8,LA
2006-11-06 21:45:00,717957,7,605,S,ML,2.351,40,100,140.0,0.0154,69.8,LA
2006-11-06 21:45:00,717958,7,605,N,ML,1.948,40,100,220.0,0.0302,70.3,LA
2006-11-06 21:45:00,717966,7,710,N,ML,1.145,40,60,323.0,0.0449,66.7,LA
2006-11-06 21:45:00,717968,7,710,N,ML,0.985,30,100,206.0,0.0492,68.6,LA
2006-11-06 21:45:00,717970,7,710,S,ML,0.635,45,100,233.0,0.0266,66.8,LA
2006-11-06 21:45:00,717977,7,710,N,ML,0.4,40,100,155.0,0.0185,70.2,LA
2006-11-06 21:45:00,717978,7,710,S,ML,0.6,36,75,161.0,0.0382,64.1,LA
2006-11-06 21:45:00,717980,7,710,S,ML,0.223,36,75,219.0,0.036,62.5,LA
2006-11-06 21:45:00,717983,7,710,N,ML,0.76,36,100,234.0,0.0353,70.4,LA
2006-11-06 21:45:00,718010,7,710,N,ML,0.51,45,100,322.0,0.0383,73.0,LA
2006-11-06 21:45:00,718012,7,710,S,ML,0.64,45,100,315.0,0.0374,67.0,LA
2006-11-06 21:45:00,718014,7,710,N,ML,0.274,36,50,284.0,0.0483,68.0,LA
2006-11-06 21:45:00,718016,7,710,N,ML,2.861,27,100,151.0,0.0301,68.2,LA
2006-11-06 21:45:00,718017,7,710,S,ML,0.591,30,100,149.0,0.0278,68.0,LA
2006-11-06 21:45:00,718018,7,710,S,ML,2.675,30,67,130.0,0.0317,71.7,LA
2006-11-06 21:45:00,718020,7,10,W,ML,0.5,60,100,254.0,0.0257,68.2,LA
2006-11-06 21:45:00,718041,7,110,S,ML,0.455,50,100,467.0,0.0565,71.2,LA
2006-11-06 21:45:00,718045,7,110,S,ML,0.975,30,100,154.0,0.0379,58.3,LA
2006-11-06 21:45:00,718046,7,110,N,ML,2.87,29,67,260.0,0.0709,61.2,LA
2006-11-06 21:45:00,718047,7,210,W,ML,2.2,40,100,127.0,0.0175,71.4,LA
2006-11-06 21:45:00,718051,7,57,N,ML,0.62,40,100,216.0,0.0389,61.2,LA
2006-11-06 21:45:00,718052,7,57,S,ML,0.44,40,100,182.0,0.0241,69.1,LA
2006-11-06 21:45:00,718053,7,57,N,ML,0.45,40,100,225.0,0.0392,67.6,LA
2006-11-06 21:45:00,718054,7,57,S,ML,1.21,50,100,197.0,0.0269,69.8,LA
2006-11-06 21:45:00,718064,7,2,W,ML,0.599,40,100,151.0,0.0207,73.9,LA
2006-11-06 21:45:00,718066,7,2,W,ML,0.55,40,100,131.0,0.0177,68.9,LA
2006-11-06 21:45:00,718072,7,2,W,ML,0.335,40,100,47.0,0.0061,68.0,LA
2006-11-06 21:45:00,718076,7,2,W,ML,0.665,40,100,81.0,0.0107,64.6,LA
2006-11-06 21:45:00,718081,7,5,N,ML,0.575,30,100,245.0,0.0544,63.3,LA
2006-11-06 21:45:00,718086,7,5,N,ML,0.5,40,100,216.0,0.0305,68.7,LA
2006-11-06 21:45:00,718092,7,5,N,ML,0.235,40,100,332.0,0.0644,66.2,LA
2006-11-06 21:45:00,718102,7,710,N,ML,0.2,40,100,153.0,0.025,70.2,LA
2006-11-06 21:45:00,718118,7,10,E,ML,0.445,40,100,372.0,0.0593,70.5,LA
2006-11-06 21:45:00,718119,7,10,E,ML,0.225,50,100,358.0,0.0391,71.9,LA
2006-11-06 21:45:00,718123,7,60,E,ML,0.91,40,100,340.0,0.0565,62.2,LA
2006-11-06 21:45:00,718125,7,60,W,ML,0.475,40,100,193.0,0.0369,61.9,LA
2006-11-06 21:45:00,718130,7,91,E,ML,0.36,40,100,201.0,0.0301,68.7,LA
2006-11-06 21:45:00,718141,7,101,N,ML,0.28,30,100,176.0,0.0314,69.4,LA
2006-11-06 21:45:00,718142,7,101,S,ML,0.315,40,100,235.0,0.0392,67.4,LA
2006-11-06 21:45:00,718144,7,101,S,ML,0.935,40,100,144.0,0.0196,71.3,LA
2006-11-06 21:45:00,718147,7,710,N,ML,1.815,36,100,212.0,0.0323,77.6,LA
2006-11-06 21:45:00,718151,7,710,N,ML,0.458,40,75,235.0,0.0382,67.2,LA
2006-11-06 21:45:00,718155,7,105,E,ML,0.6,30,100,283.0,0.0453,75.6,LA
2006-11-06 21:45:00,718164,7,110,N,ML,0.48,40,100,329.0,0.0346,70.8,LA
2006-11-06 21:45:00,718165,7,110,N,ML,1.93,27,33,271.0,0.0526,71.4,LA
2006-11-06 21:45:00,718166,7,110,S,ML,0.5,27,100,214.0,0.0455,63.8,LA
2006-11-06 21:45:00,718210,7,210,W,ML,0.68,40,100,244.0,0.0445,65.2,LA
2006-11-06 21:45:00,718219,7,405,N,ML,0.565,40,100,191.0,0.0389,56.2,LA
2006-11-06 21:45:00,718221,7,405,S,ML,0.645,40,100,300.0,0.0415,66.3,LA
2006-11-06 21:45:00,718223,7,405,S,ML,0.475,40,100,295.0,0.0454,65.3,LA
2006-11-06 21:45:00,718226,7,405,S,ML,0.275,40,100,310.0,0.046,67.2,LA
2006-11-06 21:45:00,718227,7,405,N,ML,0.415,50,80,260.0,0.0265,73.2,LA
2006-11-06 21:45:00,718229,7,405,S,ML,0.315,50,80,351.0,0.0421,70.7,LA
2006-11-06 21:45:00,718230,7,405,S,HV,0.315,10,100,17.0,0.008,64.9,LA
2006-11-06 21:45:00,718232,7,405,S,ML,0.425,39,75,245.0,0.0491,62.9,LA
2006-11-06 21:45:00,718233,7,405,N,HV,0.27,10,100,17.0,0.0075,65.1,LA
2006-11-06 21:45:00,718235,7,405,S,ML,0.495,35,100,334.0,0.0352,75.2,LA
2006-11-06 21:45:00,718236,7,405,S,HV,0.495,7,100,17.0,0.0071,65.0,LA
2006-11-06 21:45:00,718240,7,405,S,ML,0.507,39,100,206.0,0.0304,55.4,LA
2006-11-06 21:45:00,718245,7,405,S,ML,0.535,50,100,314.0,0.0337,70.2,LA
2006-11-06 21:45:00,718247,7,405,S,ML,0.705,40,100,299.0,0.0441,65.3,LA
2006-11-06 21:45:00,718249,7,405,S,ML,0.71,50,100,362.0,0.0471,67.8,LA
2006-11-06 21:45:00,718251,7,405,N,ML,0.985,40,100,337.0,0.0343,67.5,LA
2006-11-06 21:45:00,718256,7,405,S,ML,0.665,40,100,305.0,0.0413,69.2,LA
2006-11-06 21:45:00,718257,7,405,S,HV,0.665,10,100,19.0,0.0087,62.8,LA
2006-11-06 21:45:00,718258,7,405,S,ML,0.88,50,100,249.0,0.0372,63.3,LA
2006-11-06 21:45:00,718259,7,405,N,ML,0.565,50,100,263.0,0.0356,62.5,LA
2006-11-06 21:45:00,718260,7,405,S,HV,0.63,10,100,9.0,0.0039,65.0,LA
2006-11-06 21:45:00,718265,7,405,S,ML,0.52,40,100,270.0,0.0374,68.7,LA
2006-11-06 21:45:00,718266,7,405,N,ML,0.52,40,100,238.0,0.0393,67.5,LA
2006-11-06 21:45:00,718267,7,405,N,ML,0.615,40,100,286.0,0.042,68.7,LA
2006-11-06 21:45:00,718270,7,405,S,HV,0.33,10,100,19.0,0.0088,65.2,LA
2006-11-06 21:45:00,718277,7,405,S,ML,0.48,40,100,313.0,0.0426,65.7,LA
2006-11-06 21:45:00,718278,7,405,S,HV,0.48,10,100,13.0,0.0058,65.0,LA
2006-11-06 21:45:00,718284,7,405,S,ML,0.517,40,100,273.0,0.032,70.9,LA
2006-11-06 21:45:00,718287,7,405,S,ML,0.9,39,100,322.0,0.0436,67.6,LA
2006-11-06 21:45:00,718290,7,405,S,ML,0.79,50,80,518.0,0.0667,67.2,LA
2006-11-06 21:45:00,718291,7,405,N,ML,0.95,50,100,496.0,0.0637,66.9,LA
2006-11-06 21:45:00,718292,7,405,N,ML,0.715,40,100,468.0,0.1131,70.0,LA
2006-11-06 21:45:00,718312,7,405,S,ML,1.19,40,100,360.0,0.0521,69.0,LA
2006-11-06 21:45:00,718313,7,405,S,HV,1.19,10,100,12.0,0.0055,64.7,LA
2006-11-06 21:45:00,718314,7,405,S,ML,0.91,40,75,367.0,0.054,68.4,LA
2006-11-06 21:45:00,718321,7,710,S,ML,0.17,36,100,264.0,0.0422,67.6,LA
2006-11-06 21:45:00,718331,7,10,W,HV,2.855,10,100,5.0,0.0036,64.7,LA
2006-11-06 21:45:00,718332,7,10,W,ML,0.37,40,100,301.0,0.0371,67.7,LA
2006-11-06 21:45:00,718356,7,57,N,ML,0.72,40,100,210.0,0.0356,66.1,LA
2006-11-06 21:45:00,718358,7,5,N,ML,0.6,30,100,243.0,0.0435,73.4,LA
2006-11-06 21:45:00,718364,7,5,S,ML,0.57,40,100,328.0,0.0489,68.1,LA
2006-11-06 21:45:00,718371,7,5,N,ML,0.35,45,100,423.0,0.0532,68.0,LA
2006-11-06 21:45:00,718379,7,5,S,ML,0.905,50,80,283.0,0.0369,69.4,LA
2006-11-06 21:45:00,718389,7,5,N,ML,0.315,50,100,575.0,0.0591,79.1,LA
2006-11-06 21:45:00,718411,7,10,W,ML,0.47,30,33,185.0,0.0314,64.3,LA
2006-11-06 21:45:00,718421,7,10,E,ML,0.53,50,100,361.0,0.0345,70.1,LA
2006-11-06 21:45:00,718441,7,405,S,HV,0.425,10,100,13.0,0.0061,64.9,LA
2006-11-06 21:45:00,718442,7,405,N,HV,0.495,9,100,13.0,0.0075,64.7,LA
2006-11-06 21:45:00,718445,7,10,E,ML,0.27,40,100,364.0,0.0485,67.8,LA
2006-11-06 21:45:00,718448,7,210,E,HV,1.85,10,100,12.0,0.0198,57.6,LA
2006-11-06 21:45:00,718466,7,605,N,ML,0.35,40,100,253.0,0.0344,70.6,LA
2006-11-06 21:45:00,718469,7,210,E,ML,0.563,40,100,257.0,0.045,65.6,LA
2006-11-06 21:45:00,718479,7,405,S,ML,0.33,40,100,283.0,0.0494,61.7,LA
2006-11-06 21:45:00,718480,7,405,S,HV,0.33,10,100,14.0,0.0061,65.1,LA
2006-11-06 21:45:00,718488,7,710,N,ML,0.4,60,100,347.0,0.0383,63.7,LA
2006-11-06 21:45:00,737152,7,605,S,ML,0.52,39,100,151.0,0.029,67.2,LA
2006-11-06 21:45:00,737158,7,10,E,ML,0.38,40,20,373.0,0.0461,67.7,LA
2006-11-06 21:45:00,737278,7,10,E,ML,0.355,36,100,329.0,0.0484,66.3,LA
2006-11-06 21:45:00,737329,7,10,W,ML,0.135,29,100,75.0,0.0182,68.4,LA
2006-11-06 21:45:00,737433,7,101,N,ML,2.275,40,100,207.0,0.0288,73.0,LA
2006-11-06 21:45:00,737490,7,210,E,HV,0.429,10,100,9.0,0.0055,65.1,LA
2006-11-06 21:45:00,737504,7,605,S,ML,0.735,40,100,242.0,0.0312,67.4,LA
2006-11-06 21:45:00,737529,7,405,S,ML,0.47,40,100,246.0,0.0352,67.0,LA
2006-11-06 21:45:00,759142,7,118,E,ML,0.41,30,100,126.0,0.0234,67.8,LA
2006-11-06 21:45:00,759165,7,118,W,ML,0.47,30,67,96.0,0.0202,64.9,LA
2006-11-06 21:45:00,759271,7,101,N,ML,1.25,40,75,217.0,0.0361,67.2,LA
2006-11-06 21:45:00,759280,7,10,E,ML,0.27,30,100,220.0,0.0389,67.5,LA
2006-11-06 21:45:00,759416,7,110,S,ML,0.185,40,100,249.0,0.0345,72.4,LA
2006-11-06 21:45:00,759418,7,110,S,ML,0.16,40,50,216.0,0.0318,64.4,LA
2006-11-06 21:45:00,759422,7,405,S,ML,0.24,40,100,334.0,0.0428,71.0,LA
2006-11-06 21:45:00,759427,7,405,N,ML,1.039,40,75,272.0,0.0355,68.3,LA
2006-11-06 21:45:00,759513,7,5,N,ML,0.335,30,100,181.0,0.0469,58.4,LA
2006-11-06 21:45:00,759518,7,5,N,ML,0.3,30,67,166.0,0.0529,54.2,LA
2006-11-06 21:45:00,759531,7,5,N,ML,0.305,39,100,196.0,0.0517,61.0,LA
2006-11-06 21:45:00,759542,7,5,N,ML,0.295,40,100,261.0,0.0503,59.2,LA
2006-11-06 21:45:00,759552,7,5,N,ML,0.545,39,100,155.0,0.0413,55.9,LA
2006-11-06 21:45:00,759566,7,5,N,ML,0.395,50,100,342.0,0.0424,67.9,LA
2006-11-06 21:45:00,759576,7,5,N,ML,0.485,50,100,352.0,0.0596,64.5,LA
2006-11-06 21:45:00,759591,7,5,N,ML,0.67,40,100,268.0,0.0542,60.1,LA
2006-11-06 21:45:00,759648,7,5,N,ML,1.365,40,75,202.0,0.0441,68.4,LA
2006-11-06 21:45:00,759654,7,5,N,ML,1.12,36,100,192.0,0.0356,65.2,LA
2006-11-06 21:45:00,759707,7,5,S,ML,0.675,50,100,382.0,0.0527,68.2,LA
2006-11-06 21:45:00,759762,7,5,S,ML,0.3,40,100,229.0,0.0376,67.8,LA
2006-11-06 21:45:00,759772,7,5,S,ML,0.35,40,100,223.0,0.0322,69.5,LA
2006-11-06 21:45:00,759783,7,5,S,ML,0.69,40,75,214.0,0.0328,68.0,LA
2006-11-06 21:45:00,759822,7,5,S,ML,0.245,50,40,189.0,0.0281,67.1,LA
2006-11-06 21:45:00,759870,7,5,S,ML,1.465,40,100,204.0,0.0353,71.4,LA
2006-11-06 21:45:00,759888,7,5,S,ML,0.4,40,50,237.0,0.0247,67.9,LA
2006-11-06 21:45:00,759906,7,5,S,ML,1.0,40,100,90.0,0.0219,67.0,LA
2006-11-06 21:45:00,759933,7,5,S,ML,4.015,20,50,121.0,0.0177,63.4,LA
2006-11-06 21:45:00,759974,7,91,E,HV,0.42,10,100,8.0,0.0037,65.1,LA
2006-11-06 21:45:00,759975,7,91,E,HV,0.405,10,100,9.0,0.0038,65.1,LA
2006-11-06 21:45:00,759979,7,91,E,HV,0.195,10,100,12.0,0.0052,65.0,LA
2006-11-06 21:45:00,759980,7,91,E,ML,0.195,40,100,296.0,0.0393,70.1,LA
2006-11-06 21:45:00,759981,7,91,W,HV,0.7,10,100,1.0,0.0005,64.9,LA
2006-11-06 21:45:00,759982,7,91,W,HV,1.34,10,100,1.0,0.0003,65.2,LA
2006-11-06 21:45:00,759987,7,91,W,HV,0.27,10,100,8.0,0.0034,64.9,LA
2006-11-06 21:45:00,759989,7,91,W,HV,0.245,10,100,15.0,0.0052,65.0,LA
2006-11-06 21:45:00,759990,7,91,W,HV,0.35,10,100,13.0,0.0056,64.9,LA
2006-11-06 21:45:00,759991,7,91,E,HV,0.32,10,100,9.0,0.0035,65.1,LA
2006-11-06 21:45:00,759992,7,91,E,HV,0.886,10,100,9.0,0.0043,65.0,LA
2006-11-06 21:45:00,759993,7,91,W,HV,0.921,10,100,14.0,0.008,64.8,LA
2006-11-06 21:45:00,759996,7,91,E,HV,0.93,10,100,6.0,0.0022,65.1,LA
2006-11-06 21:45:00,760002,7,101,N,ML,2.07,40,100,215.0,0.0284,68.2,LA
2006-11-06 21:45:00,760024,7,101,S,ML,0.72,50,100,529.0,0.0525,72.2,LA
2006-11-06 21:45:00,760046,7,105,E,ML,1.1,30,100,151.0,0.0378,65.6,LA
2006-11-06 21:45:00,760063,7,105,E,ML,0.6,30,100,84.0,0.0264,68.4,LA
2006-11-06 21:45:00,760073,7,105,E,HV,0.55,10,100,39.0,0.0193,64.2,LA
2006-11-06 21:45:00,760074,7,105,E,ML,0.55,40,100,301.0,0.0368,71.3,LA
2006-11-06 21:45:00,760080,7,105,E,ML,0.55,30,100,295.0,0.0594,67.2,LA
2006-11-06 21:45:00,760085,7,105,E,HV,0.55,10,100,42.0,0.0201,64.5,LA
2006-11-06 21:45:00,760090,7,105,E,HV,0.5,10,100,43.0,0.0136,63.9,LA
2006-11-06 21:45:00,760100,7,105,E,HV,0.35,10,100,49.0,0.0268,63.8,LA
2006-11-06 21:45:00,760101,7,105,E,ML,0.35,30,100,321.0,0.0706,67.2,LA
2006-11-06 21:45:00,760110,7,105,E,HV,0.45,10,100,49.0,0.0288,64.7,LA
2006-11-06 21:45:00,760112,7,105,E,ML,0.45,40,75,343.0,0.0514,67.1,LA
2006-11-06 21:45:00,760117,7,105,E,HV,0.55,10,100,61.0,0.0467,53.0,LA
2006-11-06 21:45:00,760122,7,105,E,HV,0.55,10,100,66.0,0.0354,55.5,LA
2006-11-06 21:45:00,760147,7,105,W,HV,0.55,10,100,21.0,0.0113,63.7,LA
2006-11-06 21:45:00,760166,7,105,E,HV,0.6,10,100,34.0,0.0153,64.1,LA
2006-11-06 21:45:00,760167,7,105,E,ML,0.125,30,100,281.0,0.0525,64.6,LA
2006-11-06 21:45:00,760178,7,105,E,HV,0.4,10,100,36.0,0.0131,63.7,LA
2006-11-06 21:45:00,760187,7,105,E,ML,0.65,30,100,285.0,0.0507,66.5,LA
2006-11-06 21:45:00,760188,7,105,E,HV,0.65,10,100,39.0,0.0182,63.8,LA
2006-11-06 21:45:00,760196,7,105,E,ML,0.75,30,100,242.0,0.0462,74.9,LA
2006-11-06 21:45:00,760199,7,105,E,HV,0.75,10,100,39.0,0.0179,67.5,LA
2006-11-06 21:45:00,760213,7,105,E,HV,0.6,10,100,41.0,0.0213,66.3,LA
2006-11-06 21:45:00,760224,7,105,E,HV,0.5,10,100,23.0,0.0235,59.6,LA
2006-11-06 21:45:00,760226,7,105,E,ML,0.5,30,33,316.0,0.0934,60.5,LA
2006-11-06 21:45:00,760236,7,105,E,ML,0.45,30,67,284.0,0.0748,57.6,LA
2006-11-06 21:45:00,760242,7,105,E,HV,0.65,10,100,34.0,0.0101,65.8,LA
2006-11-06 21:45:00,760246,7,105,E,HV,0.6,10,100,37.0,0.017,68.3,LA
2006-11-06 21:45:00,760256,7,105,W,HV,0.1,10,100,19.0,0.0061,66.2,LA
2006-11-06 21:45:00,760267,7,105,E,HV,0.305,10,100,28.0,0.0149,63.7,LA
2006-11-06 21:45:00,760279,7,105,E,HV,0.47,10,100,23.0,0.0223,55.7,LA
2006-11-06 21:45:00,760283,7,105,E,ML,0.45,30,100,224.0,0.0448,52.1,LA
2006-11-06 21:45:00,760289,7,105,E,HV,0.45,10,100,19.0,0.0102,62.4,LA
2006-11-06 21:45:00,760293,7,105,E,HV,0.4,10,100,21.0,0.0099,63.6,LA
2006-11-06 21:45:00,760320,7,105,E,HV,0.45,9,100,19.0,0.0085,64.0,LA
2006-11-06 21:45:00,760329,7,105,E,HV,0.5,10,100,6.0,0.0024,65.1,LA
2006-11-06 21:45:00,760330,7,105,E,ML,0.5,30,100,285.0,0.0659,68.5,LA
2006-11-06 21:45:00,760333,7,105,W,HV,0.4,10,100,2.0,0.0008,65.0,LA
2006-11-06 21:45:00,760358,7,105,W,ML,0.415,20,50,9.0,0.0035,65.4,LA
2006-11-06 21:45:00,760369,7,105,W,ML,0.4,40,100,290.0,0.0358,70.3,LA
2006-11-06 21:45:00,760375,7,105,W,ML,0.4,40,100,260.0,0.0473,71.6,LA
2006-11-06 21:45:00,760380,7,105,W,HV,0.4,10,100,13.0,0.0111,63.3,LA
2006-11-06 21:45:00,760384,7,105,W,ML,0.45,30,100,301.0,0.0612,61.4,LA
2006-11-06 21:45:00,760387,7,105,W,HV,0.45,10,100,16.0,0.0064,64.6,LA
2006-11-06 21:45:00,760395,7,105,W,HV,0.35,10,100,19.0,0.0213,71.5,LA
2006-11-06 21:45:00,760398,7,105,W,ML,0.35,30,100,277.0,0.0856,71.8,LA
2006-11-06 21:45:00,760424,7,105,W,HV,0.7,9,100,33.0,0.018,64.6,LA
2006-11-06 21:45:00,760426,7,105,W,ML,0.7,30,100,233.0,0.051,65.5,LA
2006-11-06 21:45:00,760432,7,105,W,HV,0.6,10,100,43.0,0.0237,68.1,LA
2006-11-06 21:45:00,760440,7,105,W,ML,0.4,30,100,298.0,0.0714,64.2,LA
2006-11-06 21:45:00,760442,7,105,W,HV,0.4,10,100,29.0,0.0148,64.9,LA
2006-11-06 21:45:00,760452,7,105,W,ML,0.5,30,100,293.0,0.0645,67.8,LA
2006-11-06 21:45:00,760454,7,105,W,HV,0.5,10,100,29.0,0.0149,65.0,LA
2006-11-06 21:45:00,760465,7,105,W,HV,0.5,10,100,34.0,0.0154,63.2,LA
2006-11-06 21:45:00,760473,7,105,W,ML,0.405,40,100,313.0,0.045,71.0,LA
2006-11-06 21:45:00,760476,7,105,W,HV,0.55,10,100,44.0,0.0231,66.7,LA
2006-11-06 21:45:00,760481,7,105,W,ML,0.3,30,100,220.0,0.0446,56.2,LA
2006-11-06 21:45:00,760490,7,105,W,HV,0.65,10,100,28.0,0.0161,64.0,LA
2006-11-06 21:45:00,760496,7,105,W,ML,0.3,50,100,321.0,0.0376,61.8,LA
2006-11-06 21:45:00,760505,7,105,W,HV,0.3,10,100,32.0,0.0171,62.0,LA
2006-11-06 21:45:00,760512,7,105,W,ML,0.55,29,100,222.0,0.048,69.9,LA
2006-11-06 21:45:00,760519,7,105,W,HV,0.55,10,100,23.0,0.0118,60.6,LA
2006-11-06 21:45:00,760525,7,105,W,HV,0.65,10,100,30.0,0.0147,64.0,LA
2006-11-06 21:45:00,760532,7,105,W,HV,0.5,9,100,26.0,0.0132,65.8,LA
2006-11-06 21:45:00,760535,7,105,W,ML,0.5,30,100,217.0,0.0469,69.1,LA
2006-11-06 21:45:00,760545,7,105,W,HV,0.5,10,100,31.0,0.0112,65.4,LA
2006-11-06 21:45:00,760550,7,105,W,HV,0.455,10,100,23.0,0.0101,64.8,LA
2006-11-06 21:45:00,760568,7,105,W,ML,0.35,28,67,243.0,0.0529,69.2,LA
2006-11-06 21:45:00,760572,7,105,W,HV,0.35,10,100,19.0,0.0251,53.7,LA
2006-11-06 21:45:00,760580,7,105,W,HV,0.55,10,100,17.0,0.0077,65.3,LA
2006-11-06 21:45:00,760585,7,105,W,HV,0.45,10,100,14.0,0.0059,64.9,LA
2006-11-06 21:45:00,760598,7,105,W,HV,0.3,10,100,11.0,0.0168,60.3,LA
2006-11-06 21:45:00,760599,7,105,W,ML,0.3,30,33,207.0,0.0462,62.8,LA
2006-11-06 21:45:00,760604,7,105,W,HV,0.3,10,100,18.0,0.007,65.5,LA
2006-11-06 21:45:00,760606,7,105,W,ML,0.3,30,67,197.0,0.0324,68.2,LA
2006-11-06 21:45:00,760617,7,105,W,HV,0.595,10,100,207.0,0.087,45.7,LA
2006-11-06 21:45:00,760619,7,105,W,ML,0.595,30,100,107.0,0.0167,55.0,LA
2006-11-06 21:45:00,760650,7,110,S,ML,1.296,50,80,223.0,0.0401,54.6,LA
2006-11-06 21:45:00,760672,7,118,W,HV,0.625,10,100,6.0,0.0027,65.0,LA
2006-11-06 21:45:00,760677,7,118,W,HV,2.71,10,100,5.0,0.002,65.0,LA
2006-11-06 21:45:00,760693,7,118,E,ML,1.786,20,100,47.0,0.0143,67.7,LA
2006-11-06 21:45:00,760718,7,118,E,ML,0.255,30,100,103.0,0.0169,70.0,LA
2006-11-06 21:45:00,760726,7,118,E,ML,0.34,30,100,99.0,0.0189,69.0,LA
2006-11-06 21:45:00,760738,7,118,E,ML,0.26,27,100,100.0,0.0196,68.6,LA
2006-11-06 21:45:00,760756,7,118,E,ML,0.285,30,100,103.0,0.0215,67.5,LA
2006-11-06 21:45:00,760765,7,118,E,ML,0.44,30,100,98.0,0.0171,67.1,LA
2006-11-06 21:45:00,760814,7,118,E,ML,0.235,20,100,83.0,0.0267,72.4,LA
2006-11-06 21:45:00,760827,7,118,W,HV,2.255,10,100,1.0,0.0005,64.9,LA
2006-11-06 21:45:00,760828,7,118,W,ML,2.255,40,100,92.0,0.0132,68.5,LA
2006-11-06 21:45:00,760832,7,118,W,HV,1.405,10,100,3.0,0.0013,65.0,LA
2006-11-06 21:45:00,760835,7,118,W,HV,1.425,10,100,3.0,0.0012,65.3,LA
2006-11-06 21:45:00,760840,7,118,W,HV,1.58,10,100,6.0,0.0025,65.1,LA
2006-11-06 21:45:00,760844,7,118,W,HV,1.43,10,100,6.0,0.0024,63.7,LA
2006-11-06 21:45:00,760869,7,118,W,ML,1.756,30,33,93.0,0.0261,62.1,LA
2006-11-06 21:45:00,760892,7,118,W,ML,0.28,30,100,134.0,0.0284,65.8,LA
2006-11-06 21:45:00,760900,7,118,W,ML,0.325,27,100,119.0,0.0249,66.7,LA
2006-11-06 21:45:00,760921,7,118,W,ML,0.34,30,100,99.0,0.0197,66.0,LA
2006-11-06 21:45:00,760987,7,134,E,ML,1.045,40,100,229.0,0.032,70.1,LA
2006-11-06 21:45:00,760989,7,134,E,HV,1.045,10,100,6.0,0.0027,64.9,LA
2006-11-06 21:45:00,761005,7,134,E,HV,0.895,10,100,14.0,0.0092,66.6,LA
2006-11-06 21:45:00,761009,7,134,E,HV,0.655,10,100,18.0,0.0089,64.6,LA
2006-11-06 21:45:00,761014,7,134,E,HV,0.68,10,100,16.0,0.0133,59.5,LA
2006-11-06 21:45:00,761035,7,134,W,HV,1.9,9,100,8.0,0.0037,65.0,LA
2006-11-06 21:45:00,761038,7,134,W,HV,1.025,10,100,8.0,0.0041,64.9,LA
2006-11-06 21:45:00,761041,7,134,W,HV,0.585,10,100,9.0,0.0043,65.5,LA
2006-11-06 21:45:00,761044,7,134,W,HV,1.001,9,100,10.0,0.0058,65.1,LA
2006-11-06 21:45:00,761066,7,170,S,HV,0.35,10,100,3.0,0.0013,65.0,LA
2006-11-06 21:45:00,761093,7,210,E,HV,0.675,10,100,6.0,0.0026,64.9,LA
2006-11-06 21:45:00,761098,7,210,E,HV,0.71,10,100,10.0,0.0048,60.1,LA
2006-11-06 21:45:00,761102,7,210,E,HV,0.58,10,100,10.0,0.0053,60.2,LA
2006-11-06 21:45:00,761105,7,210,E,HV,0.77,10,100,6.0,0.0026,64.9,LA
2006-11-06 21:45:00,761115,7,210,E,HV,1.025,10,100,16.0,0.0067,64.9,LA
2006-11-06 21:45:00,761117,7,210,E,HV,0.955,10,100,16.0,0.007,64.7,LA
2006-11-06 21:45:00,761199,7,210,E,HV,1.36,10,100,33.0,0.0147,65.7,LA
2006-11-06 21:45:00,761206,7,210,E,ML,1.36,40,100,307.0,0.0257,71.5,LA
2006-11-06 21:45:00,761214,7,210,E,HV,0.815,10,100,29.0,0.0144,64.8,LA
2006-11-06 21:45:00,761220,7,210,E,ML,0.815,40,100,299.0,0.0451,71.9,LA
2006-11-06 21:45:00,761222,7,210,E,HV,0.755,10,100,29.0,0.013,64.9,LA
2006-11-06 21:45:00,761240,7,210,E,HV,0.565,10,100,31.0,0.0126,65.6,LA
2006-11-06 21:45:00,761318,7,210,W,HV,0.56,10,100,2.0,0.0013,65.2,LA
2006-11-06 21:45:00,761322,7,210,W,HV,0.955,10,100,52.0,0.0397,57.6,LA
2006-11-06 21:45:00,761325,7,210,W,HV,0.805,8,100,18.0,0.0076,65.9,LA
2006-11-06 21:45:00,761329,7,210,W,HV,0.43,10,100,12.0,0.005,65.0,LA
2006-11-06 21:45:00,761353,7,210,W,HV,0.925,10,100,2.0,0.0012,65.0,LA
2006-11-06 21:45:00,761356,7,210,W,ML,0.925,40,75,212.0,0.0425,58.0,LA
2006-11-06 21:45:00,761363,7,210,W,HV,0.68,10,100,7.0,0.0031,64.6,LA
2006-11-06 21:45:00,761380,7,210,W,HV,1.33,10,100,6.0,0.0024,65.0,LA
2006-11-06 21:45:00,761384,7,210,W,HV,0.544,10,100,3.0,0.0018,65.0,LA
2006-11-06 21:45:00,761386,7,210,W,HV,0.375,10,100,6.0,0.0026,65.1,LA
2006-11-06 21:45:00,761388,7,210,W,HV,0.37,10,100,6.0,0.0027,65.0,LA
2006-11-06 21:45:00,761390,7,210,W,HV,0.94,10,100,6.0,0.0027,65.1,LA
2006-11-06 21:45:00,761396,7,210,W,HV,2.2,10,100,11.0,0.0044,65.3,LA
2006-11-06 21:45:00,761435,7,405,N,HV,0.355,9,100,10.0,0.0039,65.2,LA
2006-11-06 21:45:00,761441,7,405,N,HV,0.52,10,100,13.0,0.0059,65.0,LA
2006-11-06 21:45:00,761444,7,405,N,HV,0.505,10,100,12.0,0.0049,65.1,LA
2006-11-06 21:45:00,761445,7,405,S,HV,0.27,10,100,18.0,0.0081,65.0,LA
2006-11-06 21:45:00,761452,7,405,N,HV,0.235,9,100,7.0,0.0027,65.2,LA
2006-11-06 21:45:00,761455,7,405,N,ML,0.235,40,100,248.0,0.0307,70.7,LA
2006-11-06 21:45:00,761482,7,405,N,ML,0.667,60,100,324.0,0.0288,71.3,LA
2006-11-06 21:45:00,761492,7,405,N,ML,0.34,40,100,242.0,0.0345,70.2,LA
2006-11-06 21:45:00,761531,7,405,S,HV,0.48,10,100,20.0,0.0094,64.8,LA
2006-11-06 21:45:00,761532,7,405,N,HV,0.615,10,100,14.0,0.0059,65.1,LA
2006-11-06 21:45:00,761538,7,405,S,HV,0.41,10,100,14.0,0.0062,64.9,LA
2006-11-06 21:45:00,761541,7,405,S,ML,0.515,40,100,313.0,0.0417,69.4,LA
2006-11-06 21:45:00,761548,7,405,S,HV,0.255,10,100,13.0,0.0063,64.9,LA
2006-11-06 21:45:00,761552,7,405,S,ML,0.325,40,100,304.0,0.0401,64.0,LA
2006-11-06 21:45:00,761599,7,5,N,ML,1.17,50,100,351.0,0.0442,69.6,LA
2006-11-06 21:45:00,761644,7,5,N,ML,0.415,40,75,282.0,0.0373,68.2,LA
2006-11-06 21:45:00,761675,7,605,N,ML,0.435,40,100,228.0,0.0307,69.6,LA
2006-11-06 21:45:00,761734,7,710,N,ML,0.545,50,100,316.0,0.0429,70.7,LA
2006-11-06 21:45:00,761776,7,710,S,ML,0.75,36,100,233.0,0.0426,65.4,LA
2006-11-06 21:45:00,761844,7,605,N,ML,0.725,40,100,288.0,0.0338,68.9,LA
2006-11-06 21:45:00,761851,7,710,S,ML,0.45,54,83,334.0,0.0398,63.2,LA
2006-11-06 21:45:00,762329,7,2,W,ML,0.4,40,100,74.0,0.0095,67.7,LA
2006-11-06 21:45:00,762347,7,5,N,ML,0.35,40,100,213.0,0.0338,61.3,LA
2006-11-06 21:45:00,762353,7,5,N,ML,0.48,40,100,247.0,0.038,66.1,LA
2006-11-06 21:45:00,762404,7,10,E,HV,2.746,10,100,2.0,0.0008,65.5,LA
2006-11-06 21:45:00,762405,7,10,W,HV,2.621,10,100,4.0,0.0016,65.3,LA
2006-11-06 21:45:00,762423,7,10,W,HV,0.37,10,100,2.0,0.0009,64.9,LA
2006-11-06 21:45:00,762436,7,10,W,HV,0.3,10,100,5.0,0.0027,65.2,LA
2006-11-06 21:45:00,762449,7,10,E,HV,0.685,10,100,20.0,0.007,66.3,LA
2006-11-06 21:45:00,762451,7,10,E,HV,0.559,10,100,14.0,0.0079,63.4,LA
2006-11-06 21:45:00,762453,7,10,E,HV,0.47,10,100,17.0,0.0341,22.4,LA
2006-11-06 21:45:00,762455,7,10,E,HV,0.535,8,100,21.0,0.0088,64.0,LA
2006-11-06 21:45:00,762457,7,10,E,HV,0.51,10,100,16.0,0.008,64.8,LA
2006-11-06 21:45:00,762459,7,10,E,HV,0.46,10,100,18.0,0.01,64.4,LA
2006-11-06 21:45:00,762461,7,10,E,HV,0.525,10,100,17.0,0.0094,65.0,LA
2006-11-06 21:45:00,762470,7,10,W,HV,0.465,9,100,8.0,0.0048,64.8,LA
2006-11-06 21:45:00,762474,7,10,W,HV,0.37,10,100,4.0,0.002,65.4,LA
2006-11-06 21:45:00,762480,7,10,W,HV,0.385,20,100,56.0,0.0106,69.6,LA
2006-11-06 21:45:00,762482,7,10,W,HV,0.29,10,100,14.0,0.0029,66.5,LA
2006-11-06 21:45:00,762484,7,10,W,HV,0.395,10,100,2.0,0.001,65.2,LA
2006-11-06 21:45:00,762486,7,10,W,HV,0.499,10,100,16.0,0.0041,66.3,LA
2006-11-06 21:45:00,762488,7,10,W,HV,0.506,10,100,11.0,0.0047,65.0,LA
2006-11-06 21:45:00,762491,7,10,W,HV,0.425,10,100,11.0,0.0059,64.9,LA
2006-11-06 21:45:00,762492,7,10,E,HV,0.42,10,100,18.0,0.0101,64.1,LA
2006-11-06 21:45:00,762494,7,10,W,HV,0.48,10,100,12.0,0.0049,65.3,LA
2006-11-06 21:45:00,762496,7,10,W,HV,0.5,10,100,10.0,0.0044,65.2,LA
2006-11-06 21:45:00,762498,7,10,W,HV,0.319,10,100,10.0,0.0058,65.0,LA
2006-11-06 21:45:00,762500,7,10,W,HV,0.441,10,100,12.0,0.0056,65.2,LA
2006-11-06 21:45:00,762504,7,10,W,HV,0.48,20,100,15.0,0.0047,63.8,LA
2006-11-06 21:45:00,762517,7,405,N,HV,0.85,10,100,9.0,0.0042,64.3,LA
2006-11-06 21:45:00,762518,7,405,S,HV,0.75,10,100,12.0,0.0044,65.1,LA
2006-11-06 21:45:00,762520,7,405,N,HV,0.565,10,100,10.0,0.0041,65.0,LA
2006-11-06 21:45:00,762523,7,405,N,HV,0.675,10,100,15.0,0.0065,65.2,LA
2006-11-06 21:45:00,762526,7,405,N,HV,0.505,10,100,17.0,0.0077,65.2,LA
2006-11-06 21:45:00,762528,7,405,N,HV,0.175,10,100,14.0,0.0067,65.1,LA
2006-11-06 21:45:00,762531,7,405,N,HV,0.325,10,100,16.0,0.0072,64.9,LA
2006-11-06 21:45:00,762533,7,405,N,HV,0.447,10,100,17.0,0.0061,65.0,LA
2006-11-06 21:45:00,762538,7,405,N,HV,0.735,10,100,14.0,0.007,63.7,LA
2006-11-06 21:45:00,762541,7,405,N,HV,0.725,10,100,13.0,0.0062,65.0,LA
2006-11-06 21:45:00,762543,7,405,N,HV,0.985,10,100,13.0,0.0064,64.9,LA
2006-11-06 21:45:00,762552,7,405,N,HV,0.43,10,100,12.0,0.005,65.0,LA
2006-11-06 21:45:00,762553,7,405,S,HV,0.49,10,100,14.0,0.0062,65.0,LA
2006-11-06 21:45:00,762559,7,405,N,HV,0.41,10,100,7.0,0.003,65.1,LA
2006-11-06 21:45:00,762561,7,405,N,HV,2.605,10,100,5.0,0.0019,65.2,LA
2006-11-06 21:45:00,762565,7,405,N,HV,0.45,10,100,15.0,0.007,64.9,LA
2006-11-06 21:45:00,762567,7,405,N,HV,0.78,10,100,18.0,0.0077,64.9,LA
2006-11-06 21:45:00,762569,7,405,N,HV,0.86,10,100,16.0,0.0068,65.0,LA
2006-11-06 21:45:00,762571,7,405,N,HV,0.835,10,100,18.0,0.0084,64.8,LA
2006-11-06 21:45:00,762576,7,405,S,HV,0.45,10,100,10.0,0.0043,64.9,LA
2006-11-06 21:45:00,762578,7,405,S,HV,0.645,10,100,17.0,0.0075,64.5,LA
2006-11-06 21:45:00,762580,7,405,S,HV,0.475,10,100,19.0,0.0091,64.5,LA
2006-11-06 21:45:00,762582,7,405,S,HV,0.275,4,100,18.0,0.1518,19.9,LA
2006-11-06 21:45:00,762586,7,405,S,HV,0.507,8,100,14.0,0.0054,65.3,LA
2006-11-06 21:45:00,762592,7,405,S,HV,0.535,10,100,15.0,0.0064,65.0,LA
2006-11-06 21:45:00,762594,7,405,S,HV,0.705,10,100,17.0,0.0071,65.0,LA
2006-11-06 21:45:00,762596,7,405,S,HV,0.71,10,100,18.0,0.0076,65.0,LA
2006-11-06 21:45:00,762598,7,405,S,HV,0.93,10,100,21.0,0.009,65.2,LA
2006-11-06 21:45:00,762602,7,405,S,HV,0.73,10,100,7.0,0.003,64.8,LA
2006-11-06 21:45:00,762604,7,405,S,HV,0.595,10,100,6.0,0.0022,64.9,LA
2006-11-06 21:45:00,762606,7,405,S,HV,0.67,10,100,5.0,0.0021,64.8,LA
2006-11-06 21:45:00,762608,7,405,S,HV,2.488,10,100,5.0,0.0021,64.8,LA
2006-11-06 21:45:00,762610,7,605,N,HV,0.245,10,100,5.0,0.0021,62.6,LA
2006-11-06 21:45:00,762612,7,605,N,HV,0.26,10,100,77.0,0.057,53.3,LA
2006-11-06 21:45:00,762616,7,605,N,HV,0.585,10,100,5.0,0.0024,64.9,LA
2006-11-06 21:45:00,762619,7,605,N,HV,0.557,10,100,20.0,0.0082,64.9,LA
2006-11-06 21:45:00,762624,7,605,N,HV,0.324,10,100,15.0,0.0061,65.2,LA
2006-11-06 21:45:00,762627,7,605,N,HV,0.291,10,100,18.0,0.0084,64.9,LA
2006-11-06 21:45:00,762631,7,605,N,HV,0.473,10,100,19.0,0.0088,64.3,LA
2006-11-06 21:45:00,762634,7,605,N,HV,0.562,9,100,17.0,0.0083,64.8,LA
2006-11-06 21:45:00,762637,7,605,N,HV,0.26,9,100,10.0,0.0047,65.0,LA
2006-11-06 21:45:00,762643,7,605,N,HV,1.201,10,100,12.0,0.0053,64.9,LA
2006-11-06 21:45:00,762645,7,605,N,HV,2.568,10,100,10.0,0.0046,65.0,LA
2006-11-06 21:45:00,762648,7,605,S,HV,0.535,10,100,10.0,0.0061,64.4,LA
2006-11-06 21:45:00,762649,7,605,N,HV,0.54,10,100,10.0,0.004,65.0,LA
2006-11-06 21:45:00,762655,7,605,S,HV,0.225,10,100,8.0,0.0048,61.5,LA
2006-11-06 21:45:00,762657,7,605,S,HV,0.275,10,100,9.0,0.019,57.4,LA
2006-11-06 21:45:00,762659,7,605,S,HV,0.275,10,100,9.0,0.0039,65.0,LA
2006-11-06 21:45:00,762661,7,605,S,HV,0.29,10,100,2.0,0.0013,65.0,LA
2006-11-06 21:45:00,762663,7,605,S,HV,0.52,10,100,5.0,0.0032,64.9,LA
2006-11-06 21:45:00,762665,7,605,S,HV,0.632,10,100,14.0,0.0061,65.2,LA
2006-11-06 21:45:00,762667,7,605,S,HV,0.705,10,100,7.0,0.0029,65.0,LA
2006-11-06 21:45:00,762671,7,605,S,HV,0.58,10,100,15.0,0.0071,64.9,LA
2006-11-06 21:45:00,762673,7,605,S,HV,0.305,10,100,15.0,0.0072,64.8,LA
2006-11-06 21:45:00,762675,7,605,S,HV,0.307,10,100,13.0,0.0059,64.9,LA
2006-11-06 21:45:00,762678,7,605,S,HV,0.453,10,100,19.0,0.0096,64.5,LA
2006-11-06 21:45:00,762679,7,605,N,HV,0.5,10,100,16.0,0.0075,64.4,LA
2006-11-06 21:45:00,762681,7,605,S,HV,0.455,10,100,20.0,0.0093,63.2,LA
2006-11-06 21:45:00,762685,7,605,S,HV,0.385,9,100,18.0,0.0074,65.1,LA
2006-11-06 21:45:00,762686,7,605,N,HV,0.385,9,100,21.0,0.0099,64.9,LA
2006-11-06 21:45:00,762688,7,605,S,HV,0.26,10,100,8.0,0.0035,61.0,LA
2006-11-06 21:45:00,763243,7,110,S,HV,1.06,20,100,63.0,0.0155,65.3,LA
2006-11-06 21:45:00,763246,7,110,S,ML,0.315,40,100,354.0,0.0512,71.3,LA
2006-11-06 21:45:00,763251,7,110,S,ML,0.745,40,75,423.0,0.0614,65.5,LA
2006-11-06 21:45:00,763256,7,110,S,HV,1.22,20,100,63.0,0.0126,65.1,LA
2006-11-06 21:45:00,763259,7,110,S,ML,0.765,40,100,376.0,0.0623,59.9,LA
2006-11-06 21:45:00,763272,7,110,S,HV,0.485,18,100,56.0,0.0124,64.7,LA
2006-11-06 21:45:00,763275,7,110,S,ML,0.6,35,100,352.0,0.0471,65.5,LA
2006-11-06 21:45:00,763280,7,110,N,HV,0.555,18,100,52.0,0.0175,61.4,LA
2006-11-06 21:45:00,763283,7,110,S,HV,0.35,18,100,69.0,0.0163,62.3,LA
2006-11-06 21:45:00,763286,7,110,S,ML,0.35,36,100,298.0,0.0401,64.7,LA
2006-11-06 21:45:00,763291,7,110,S,HV,1.355,20,100,72.0,0.0497,59.3,LA
2006-11-06 21:45:00,763294,7,110,S,ML,0.4,40,100,412.0,0.0591,70.5,LA
2006-11-06 21:45:00,763299,7,110,S,ML,0.42,40,100,222.0,0.0301,69.6,LA
2006-11-06 21:45:00,763304,7,110,N,ML,0.58,40,100,169.0,0.0215,70.5,LA
2006-11-06 21:45:00,763336,7,10,E,ML,0.285,40,100,349.0,0.0439,70.4,LA
2006-11-06 21:45:00,763354,7,110,N,ML,0.51,60,33,300.0,0.0351,67.1,LA
2006-11-06 21:45:00,763372,7,110,N,ML,0.345,40,100,169.0,0.0214,70.7,LA
2006-11-06 21:45:00,763377,7,110,S,ML,0.775,50,67,399.0,0.0373,66.9,LA
2006-11-06 21:45:00,763384,7,110,N,ML,0.43,40,75,336.0,0.0712,61.7,LA
2006-11-06 21:45:00,763389,7,110,N,HV,2.57,20,100,75.0,0.017,65.3,LA
2006-11-06 21:45:00,763392,7,110,N,ML,0.33,40,100,361.0,0.0542,69.4,LA
2006-11-06 21:45:00,763397,7,110,N,HV,0.35,19,100,64.0,0.0364,56.5,LA
2006-11-06 21:45:00,763400,7,110,N,ML,0.625,39,100,303.0,0.0633,63.3,LA
2006-11-06 21:45:00,763405,7,110,N,HV,0.55,20,100,58.0,0.0261,54.0,LA
2006-11-06 21:45:00,763408,7,110,N,ML,0.83,39,100,301.0,0.065,51.0,LA
2006-11-06 21:45:00,763413,7,110,S,HV,0.39,20,100,49.0,0.0171,61.6,LA
2006-11-06 21:45:00,763416,7,110,N,HV,0.42,20,100,185.0,0.0489,58.8,LA
2006-11-06 21:45:00,763419,7,110,N,ML,0.42,40,100,318.0,0.0437,66.4,LA
2006-11-06 21:45:00,763424,7,110,N,ML,0.595,40,100,442.0,0.0743,64.1,LA
2006-11-06 21:45:00,763429,7,110,N,ML,0.415,40,100,272.0,0.0482,62.7,LA
2006-11-06 21:45:00,763434,7,110,N,ML,0.42,40,100,292.0,0.0618,56.4,LA
2006-11-06 21:45:00,763439,7,110,N,ML,0.565,40,75,326.0,0.0846,53.0,LA
2006-11-06 21:45:00,763447,7,110,S,ML,0.4,40,80,378.0,0.0418,63.8,LA
2006-11-06 21:45:00,763453,7,10,E,ML,0.65,40,100,386.0,0.0641,67.4,LA
2006-11-06 21:45:00,763458,7,10,E,ML,0.595,50,100,484.0,0.0661,74.9,LA
2006-11-06 21:45:00,763464,7,605,N,HV,0.24,10,100,4.0,0.0018,65.0,LA
2006-11-06 21:45:00,763466,7,91,W,HV,0.445,10,100,7.0,0.0033,64.9,LA
2006-11-06 21:45:00,763475,7,605,S,HV,0.55,9,100,11.0,0.0045,65.1,LA
2006-11-06 21:45:00,763485,7,10,W,ML,0.58,40,100,229.0,0.0374,69.1,LA
2006-11-06 21:45:00,763498,7,110,N,ML,0.785,30,100,68.0,0.0158,67.7,LA
2006-11-06 21:45:00,763502,7,110,N,ML,0.865,40,100,108.0,0.0161,66.0,LA
2006-11-06 21:45:00,763507,7,110,N,ML,0.665,39,100,100.0,0.019,64.8,LA
2006-11-06 21:45:00,763517,7,110,N,ML,0.715,40,100,166.0,0.0257,69.4,LA
2006-11-06 21:45:00,763522,7,110,N,ML,0.73,36,100,168.0,0.0297,67.7,LA
2006-11-06 21:45:00,763527,7,110,N,ML,1.19,40,100,198.0,0.0305,68.6,LA
2006-11-06 21:45:00,763551,7,57,N,HV,2.677,9,100,47.0,0.0302,67.6,LA
2006-11-06 21:45:00,763553,7,57,N,ML,1.112,36,100,270.0,0.0351,68.3,LA
2006-11-06 21:45:00,763558,7,57,N,ML,1.38,40,100,172.0,0.0232,70.1,LA
2006-11-06 21:45:00,763563,7,57,N,ML,0.54,40,100,161.0,0.0232,64.6,LA
2006-11-06 21:45:00,763568,7,57,N,ML,0.57,40,40,244.0,0.0314,58.8,LA
2006-11-06 21:45:00,763573,7,57,S,ML,0.664,40,100,131.0,0.0186,72.6,LA
2006-11-06 21:45:00,763578,7,57,S,ML,0.618,40,100,145.0,0.0203,69.6,LA
2006-11-06 21:45:00,763583,7,57,S,ML,1.486,30,100,155.0,0.0302,74.3,LA
2006-11-06 21:45:00,763602,7,91,E,HV,0.45,10,100,2.0,0.0006,65.0,LA
2006-11-06 21:45:00,763604,7,91,E,HV,2.688,10,100,6.0,0.0026,65.1,LA
2006-11-06 21:45:00,763606,7,134,E,HV,1.765,9,100,17.0,0.0072,65.0,LA
2006-11-06 21:45:00,763608,7,134,E,HV,0.83,10,100,4.0,0.0017,65.1,LA
2006-11-06 21:45:00,763610,7,134,W,HV,0.645,10,100,6.0,0.0026,65.0,LA
2006-11-06 21:45:00,763612,7,134,W,HV,1.755,9,100,10.0,0.0049,65.1,LA
2006-11-06 21:45:00,763616,7,605,S,ML,1.0,40,100,128.0,0.0194,64.9,LA
2006-11-06 21:45:00,763621,7,110,S,ML,0.51,39,100,239.0,0.0364,64.6,LA
2006-11-06 21:45:00,763626,7,110,N,ML,0.63,40,100,208.0,0.031,65.5,LA
2006-11-06 21:45:00,763649,7,57,S,ML,0.6,40,50,210.0,0.0283,67.4,LA
2006-11-06 21:45:00,763663,7,110,N,ML,0.75,45,100,206.0,0.0218,70.5,LA
2006-11-06 21:45:00,763679,7,605,S,HV,0.56,10,100,9.0,0.0048,64.7,LA
2006-11-06 21:45:00,763695,7,10,E,ML,0.46,50,80,328.0,0.0427,65.9,LA
2006-11-06 21:45:00,763706,7,5,S,ML,0.505,30,67,270.0,0.0525,71.6,LA
2006-11-06 21:45:00,763710,7,105,W,HV,0.75,10,100,11.0,0.0069,65.1,LA
2006-11-06 21:45:00,763712,7,105,W,ML,0.1,30,100,223.0,0.0362,73.8,LA
2006-11-06 21:45:00,763716,7,105,W,HV,0.45,10,100,33.0,0.016,65.3,LA
2006-11-06 21:45:00,763720,7,110,N,ML,0.405,40,100,175.0,0.0215,69.8,LA
2006-11-06 21:45:00,763731,7,10,W,ML,0.451,40,100,303.0,0.0398,77.6,LA
2006-11-06 21:45:00,763748,7,5,S,ML,0.3,30,100,222.0,0.0569,68.0,LA
2006-11-06 21:45:00,763963,7,10,E,ML,0.25,40,100,453.0,0.0588,68.7,LA
2006-11-06 21:45:00,763985,7,5,N,ML,0.635,40,100,243.0,0.0446,67.0,LA
2006-11-06 21:45:00,763990,7,5,S,ML,0.59,40,100,315.0,0.0417,78.5,LA
2006-11-06 21:45:00,764019,7,605,S,HV,0.25,9,100,17.0,0.01,65.1,LA
2006-11-06 21:45:00,764021,7,605,S,ML,0.25,40,100,279.0,0.0539,67.0,LA
2006-11-06 21:45:00,764032,7,110,N,ML,0.68,50,100,578.0,0.0516,78.4,LA
2006-11-06 21:45:00,764037,7,110,S,ML,0.68,50,100,631.0,0.0556,76.9,LA
2006-11-06 21:45:00,764072,7,118,E,ML,0.405,20,67,100.0,0.0727,42.6,LA
2006-11-06 21:45:00,764076,7,118,W,ML,0.39,30,100,83.0,0.0157,67.0,LA
2006-11-06 21:45:00,764101,7,170,S,ML,2.696,30,50,203.0,0.0313,64.3,LA
2006-11-06 21:45:00,764106,7,170,N,ML,0.67,40,50,288.0,0.0526,63.8,LA
2006-11-06 21:45:00,764115,7,170,N,ML,0.795,40,100,209.0,0.0275,70.3,LA
2006-11-06 21:45:00,764125,7,10,E,ML,0.065,30,100,196.0,0.0356,66.3,LA
2006-11-06 21:45:00,764130,7,10,E,ML,0.215,40,75,254.0,0.0403,63.6,LA
2006-11-06 21:45:00,764137,7,210,W,ML,0.36,60,100,422.0,0.0595,57.7,LA
2006-11-06 21:45:00,764144,7,210,W,HV,0.515,10,100,11.0,0.0051,65.3,LA
2006-11-06 21:45:00,764146,7,210,W,ML,0.515,40,100,203.0,0.0433,68.3,LA
2006-11-06 21:45:00,764177,7,118,W,ML,0.43,30,100,157.0,0.0295,68.3,LA
2006-11-06 21:45:00,764181,7,118,E,ML,0.49,30,100,120.0,0.0205,69.3,LA
2006-11-06 21:45:00,764193,7,118,E,ML,0.47,27,67,182.0,0.0381,66.4,LA
2006-11-06 21:45:00,764197,7,118,W,ML,0.405,27,100,132.0,0.025,68.2,LA
2006-11-06 21:45:00,764201,7,10,W,ML,0.425,40,100,269.0,0.0458,69.6,LA
2006-11-06 21:45:00,764206,7,10,W,ML,0.475,40,75,236.0,0.0404,69.0,LA
2006-11-06 21:45:00,764211,7,10,E,ML,0.595,50,100,349.0,0.0426,71.9,LA
2006-11-06 21:45:00,764217,7,10,E,ML,0.513,40,100,503.0,0.0829,77.6,LA
2006-11-06 21:45:00,764222,7,10,E,ML,0.49,40,100,291.0,0.0412,67.3,LA
2006-11-06 21:45:00,764227,7,10,W,ML,0.44,40,100,283.0,0.0408,68.0,LA
2006-11-06 21:45:00,764232,7,5,N,ML,0.4,30,100,161.0,0.0523,64.1,LA
2006-11-06 21:45:00,764236,7,5,N,ML,0.535,40,50,347.0,0.0475,67.5,LA
2006-11-06 21:45:00,764262,7,14,N,ML,2.662,30,100,201.0,0.035,65.3,LA
2006-11-06 21:45:00,764267,7,14,N,HV,0.965,10,100,17.0,0.0108,64.8,LA
2006-11-06 21:45:00,764269,7,14,N,ML,0.965,30,100,219.0,0.0401,66.8,LA
2006-11-06 21:45:00,764288,7,14,S,HV,0.83,10,100,18.0,0.0083,65.1,LA
2006-11-06 21:45:00,764290,7,14,S,ML,0.83,30,67,87.0,0.021,66.6,LA
2006-11-06 21:45:00,764297,7,14,S,ML,1.3,30,100,68.0,0.0138,68.0,LA
2006-11-06 21:45:00,764302,7,14,N,HV,1.42,10,100,41.0,0.0191,64.0,LA
2006-11-06 21:45:00,764304,7,14,N,ML,1.42,30,100,204.0,0.039,65.0,LA
2006-11-06 21:45:00,764417,7,5,S,ML,0.25,40,100,262.0,0.0421,66.2,LA
2006-11-06 21:45:00,764424,7,170,N,ML,0.6,40,75,234.0,0.0565,58.2,LA
2006-11-06 21:45:00,764425,7,91,W,ML,0.698,20,67,84.0,0.0194,65.7,LA
2006-11-06 21:45:00,764430,7,170,N,ML,0.606,20,100,151.0,0.045,69.0,LA
2006-11-06 21:45:00,764435,7,5,N,ML,0.36,40,100,312.0,0.0567,66.6,LA
2006-11-06 21:45:00,764556,7,405,S,HV,0.815,10,100,16.0,0.0067,65.3,LA
2006-11-06 21:45:00,764565,7,405,N,HV,0.58,10,100,9.0,0.0044,63.6,LA
2006-11-06 21:45:00,764578,7,405,S,ML,0.39,40,100,342.0,0.0458,68.4,LA
2006-11-06 21:45:00,764583,7,405,N,ML,0.39,38,75,337.0,0.0407,69.5,LA
2006-11-06 21:45:00,764588,7,405,S,HV,2.555,10,100,14.0,0.0068,64.8,LA
2006-11-06 21:45:00,764590,7,405,S,ML,0.143,50,100,314.0,0.0295,69.8,LA
2006-11-06 21:45:00,764604,7,405,S,ML,0.33,40,100,278.0,0.0387,68.0,LA
2006-11-06 21:45:00,764609,7,405,S,HV,0.52,10,100,18.0,0.0081,65.0,LA
2006-11-06 21:45:00,764615,7,405,S,HV,0.47,10,100,7.0,0.0039,61.7,LA
2006-11-06 21:45:00,764617,7,101,N,ML,0.95,40,75,185.0,0.0299,67.9,LA
2006-11-06 21:45:00,764632,7,101,S,ML,0.56,40,100,153.0,0.0249,65.6,LA
2006-11-06 21:45:00,764637,7,101,S,ML,0.515,40,75,172.0,0.0324,68.2,LA
2006-11-06 21:45:00,764641,7,101,S,ML,0.65,39,100,166.0,0.0244,66.1,LA
2006-11-06 21:45:00,764665,7,405,S,HV,0.26,10,100,16.0,0.005,65.0,LA
2006-11-06 21:45:00,764667,7,405,N,HV,0.415,10,100,16.0,0.0098,65.0,LA
2006-11-06 21:45:00,764671,7,405,S,ML,0.505,40,100,476.0,0.0824,62.0,LA
2006-11-06 21:45:00,764676,7,405,N,HV,0.285,10,100,17.0,0.0078,64.3,LA
2006-11-06 21:45:00,764754,7,405,S,ML,0.425,50,100,356.0,0.0442,70.4,LA
2006-11-06 21:45:00,764760,7,101,N,ML,0.19,45,100,279.0,0.0312,64.1,LA
2006-11-06 21:45:00,764766,7,101,S,ML,0.365,45,100,245.0,0.0259,66.4,LA
2006-11-06 21:45:00,764781,7,101,S,ML,0.907,40,100,296.0,0.0406,69.7,LA
2006-11-06 21:45:00,764794,7,101,N,ML,0.695,40,100,300.0,0.0416,67.6,LA
2006-11-06 21:45:00,764803,7,101,N,ML,0.93,40,100,174.0,0.025,67.6,LA
2006-11-06 21:45:00,764808,7,101,N,ML,0.425,50,100,177.0,0.0205,70.3,LA
2006-11-06 21:45:00,764819,7,101,N,ML,1.115,40,100,184.0,0.0268,66.9,LA
2006-11-06 21:45:00,764824,7,101,S,ML,0.625,40,100,101.0,0.0154,67.6,LA
2006-11-06 21:45:00,764829,7,101,N,ML,1.23,40,100,97.0,0.0138,69.8,LA
2006-11-06 21:45:00,764834,7,101,S,ML,0.775,40,100,107.0,0.017,68.2,LA
2006-11-06 21:45:00,764839,7,101,N,ML,1.0,30,100,178.0,0.0304,66.3,LA
2006-11-06 21:45:00,764848,7,101,S,ML,0.89,40,50,114.0,0.0191,67.0,LA
2006-11-06 21:45:00,764853,7,101,S,ML,2.625,40,100,348.0,0.0546,65.0,LA
2006-11-06 21:45:00,764858,7,101,N,ML,0.239,30,100,588.0,0.0604,69.2,LA
2006-11-06 21:45:00,764863,7,101,N,ML,0.96,30,67,170.0,0.0377,60.3,LA
2006-11-06 21:45:00,764868,7,101,S,ML,0.545,40,100,130.0,0.0088,69.1,LA
2006-11-06 21:45:00,764874,7,101,S,ML,0.61,30,100,112.0,0.0193,64.8,LA
2006-11-06 21:45:00,764879,7,101,N,ML,0.585,30,100,164.0,0.0348,66.2,LA
2006-11-06 21:45:00,764885,7,101,S,ML,0.605,40,100,122.0,0.0169,67.4,LA
2006-11-06 21:45:00,764891,7,101,N,ML,0.54,40,100,160.0,0.0218,66.5,LA
2006-11-06 21:45:00,764900,7,101,N,ML,0.76,30,100,186.0,0.0318,65.8,LA
2006-11-06 21:45:00,764905,7,101,S,ML,2.3,30,100,90.0,0.0182,63.7,LA
2006-11-06 21:45:00,764910,7,101,N,ML,0.415,30,100,116.0,0.025,65.4,LA
2006-11-06 21:45:00,764915,7,101,N,ML,1.475,40,100,130.0,0.0164,70.1,LA
2006-11-06 21:45:00,764949,7,101,N,ML,0.775,32,25,360.0,0.0713,62.9,LA
2006-11-06 21:45:00,764958,7,101,N,ML,0.54,40,100,205.0,0.0308,64.9,LA
2006-11-06 21:45:00,765098,7,10,E,ML,0.37,40,100,318.0,0.0393,67.9,LA
2006-11-06 21:45:00,765099,7,101,N,ML,0.225,60,100,461.0,0.0489,67.7,LA
2006-11-06 21:45:00,765101,7,101,N,ML,0.71,40,100,197.0,0.0236,78.6,LA
2006-11-06 21:45:00,765106,7,101,S,ML,0.82,20,67,125.0,0.0228,64.1,LA
2006-11-06 21:45:00,765150,7,101,S,ML,0.565,40,80,196.0,0.0279,68.5,LA
2006-11-06 21:45:00,765153,7,405,S,ML,0.645,40,100,330.0,0.0436,70.9,LA
2006-11-06 21:45:00,765164,7,101,N,ML,0.335,40,50,292.0,0.0447,66.9,LA
2006-11-06 21:45:00,765169,7,405,S,HV,0.83,10,100,8.0,0.0043,64.6,LA
2006-11-06 21:45:00,765171,7,405,S,ML,0.495,40,100,229.0,0.0344,66.1,LA
2006-11-06 21:45:00,765176,7,101,N,ML,0.31,49,100,309.0,0.0429,63.1,LA
2006-11-06 21:45:00,765182,7,101,N,ML,0.86,40,100,343.0,0.0462,65.7,LA
2006-11-06 21:45:00,765263,7,405,S,HV,0.29,10,100,14.0,0.0179,58.3,LA
2006-11-06 21:45:00,765265,7,405,S,ML,0.29,40,100,258.0,0.0389,68.8,LA
2006-11-06 21:45:00,765451,7,10,E,ML,0.45,40,100,520.0,0.0486,79.6,LA
2006-11-06 21:45:00,765456,7,60,W,ML,2.837,40,75,146.0,0.0436,60.8,LA
2006-11-06 21:45:00,765461,7,60,W,ML,0.494,40,100,194.0,0.0299,71.1,LA
2006-11-06 21:45:00,765467,7,91,E,ML,0.45,50,100,250.0,0.0302,71.0,LA
2006-11-06 21:45:00,765472,7,101,N,ML,0.6,40,100,189.0,0.0292,67.5,LA
2006-11-06 21:45:00,765476,7,105,E,ML,0.48,30,100,232.0,0.0446,59.6,LA
2006-11-06 21:45:00,765477,7,210,E,ML,0.462,40,100,252.0,0.0416,69.5,LA
2006-11-06 21:45:00,765501,7,605,S,ML,1.231,40,75,173.0,0.0228,67.0,LA
2006-11-06 21:45:00,765508,7,10,E,HV,0.565,10,100,2.0,0.0009,65.3,LA
2006-11-06 21:45:00,765591,7,91,W,ML,0.36,40,100,176.0,0.0277,69.2,LA
2006-11-06 21:45:00,765604,7,170,N,ML,2.696,40,100,264.0,0.0352,66.8,LA
2006-11-06 21:45:00,765605,7,170,N,HV,2.696,10,100,5.0,0.0021,64.9,LA
2006-11-06 21:45:00,765608,7,170,N,HV,0.67,10,100,6.0,0.0031,64.8,LA
2006-11-06 21:45:00,765610,7,170,N,HV,0.6,10,100,7.0,0.0039,64.7,LA
2006-11-06 21:45:00,765612,7,170,N,HV,0.795,10,100,10.0,0.0055,64.8,LA
2006-11-06 21:45:00,765618,7,170,N,HV,0.606,10,100,25.0,0.013,64.4,LA
2006-11-06 21:45:00,765793,7,91,W,HV,0.775,10,100,3.0,0.0014,67.1,LA
2006-11-06 21:45:00,766209,7,91,E,ML,0.58,50,100,381.0,0.0499,71.9,LA
2006-11-06 21:45:00,766210,7,91,E,HV,0.58,10,100,7.0,0.0035,64.7,LA
2006-11-06 21:45:00,766211,7,91,W,ML,0.58,20,67,181.0,0.056,63.4,LA
2006-11-06 21:45:00,766212,7,91,W,HV,0.58,10,100,7.0,0.0024,64.9,LA
2006-11-06 21:45:00,766508,7,605,N,HV,0.41,10,100,9.0,0.0045,65.0,LA
2006-11-06 21:45:00,766510,7,605,N,HV,0.3,10,100,7.0,0.0031,65.0,LA
2006-11-06 21:45:00,766512,7,605,N,HV,0.47,10,100,8.0,0.0025,65.2,LA
2006-11-06 21:45:00,766514,7,605,N,HV,0.325,10,100,8.0,0.0038,65.0,LA
2006-11-06 21:45:00,766516,7,605,N,HV,0.445,10,100,8.0,0.0031,64.6,LA
2006-11-06 21:45:00,766518,7,605,N,HV,0.445,10,100,7.0,0.0029,64.8,LA
2006-11-06 21:45:00,766520,7,605,N,HV,0.315,10,100,8.0,0.0149,60.9,LA
2006-11-06 21:45:00,766522,7,605,S,HV,2.114,10,100,9.0,0.0033,65.0,LA
2006-11-06 21:45:00,766525,7,605,S,HV,0.41,10,100,7.0,0.0028,65.3,LA
2006-11-06 21:45:00,766528,7,605,S,HV,0.305,10,100,9.0,0.0045,64.9,LA
2006-11-06 21:45:00,766530,7,605,S,HV,0.47,10,100,10.0,0.0052,64.8,LA
2006-11-06 21:45:00,766534,7,605,S,HV,0.445,10,100,12.0,0.0073,64.7,LA
2006-11-06 21:45:00,766536,7,605,S,HV,0.45,10,100,178.0,0.041,69.4,LA
2006-11-06 21:45:00,766538,7,605,S,HV,0.315,10,100,10.0,0.0048,64.8,LA
2006-11-06 21:45:00,766554,7,91,W,HV,0.22,10,100,13.0,0.0062,64.8,LA
2006-11-06 21:45:00,766555,7,91,W,ML,0.22,40,100,241.0,0.0384,67.5,LA
2006-11-06 21:45:00,766584,7,60,E,HV,0.43,10,100,26.0,0.0094,65.5,LA
2006-11-06 21:45:00,766585,7,60,E,ML,0.43,40,100,267.0,0.0432,71.6,LA
2006-11-06 21:45:00,766586,7,60,W,HV,0.342,10,100,6.0,0.002,65.2,LA
2006-11-06 21:45:00,766587,7,60,W,ML,0.342,40,100,165.0,0.0289,70.7,LA
2006-11-06 21:45:00,766599,7,60,E,HV,0.305,10,100,25.0,0.0112,64.8,LA
2006-11-06 21:45:00,766600,7,60,E,ML,0.305,40,100,208.0,0.0345,69.2,LA
2006-11-06 21:45:00,766601,7,60,W,HV,0.305,10,100,6.0,0.0046,65.0,LA
2006-11-06 21:45:00,766602,7,60,W,ML,0.305,40,100,169.0,0.033,69.6,LA
2006-11-06 21:45:00,766619,7,60,E,HV,0.29,9,100,22.0,0.0097,62.9,LA
2006-11-06 21:45:00,766620,7,60,E,ML,0.29,40,100,188.0,0.0359,68.8,LA
2006-11-06 21:45:00,766621,7,60,W,HV,0.29,10,100,5.0,0.0022,65.0,LA
2006-11-06 21:45:00,766622,7,60,W,ML,0.29,40,100,144.0,0.0274,67.0,LA
2006-11-06 21:45:00,766641,7,60,W,HV,0.27,10,100,6.0,0.0026,65.0,LA
2006-11-06 21:45:00,766642,7,60,W,ML,0.27,40,100,109.0,0.0258,63.9,LA
2006-11-06 21:45:00,766644,7,60,E,ML,0.27,40,100,166.0,0.028,65.2,LA
2006-11-06 21:45:00,766673,7,71,N,ML,2.831,20,100,63.0,0.0198,67.8,LA
2006-11-06 21:45:00,766694,7,14,N,ML,2.42,20,100,123.0,0.0402,65.0,LA
2006-11-06 21:45:00,766749,7,14,S,ML,4.2,20,100,53.0,0.0207,67.8,LA
2006-11-06 21:45:00,766758,7,14,N,ML,4.25,30,100,80.0,0.0284,69.2,LA
2006-11-06 21:45:00,766829,7,60,W,HV,0.494,10,100,6.0,0.0022,65.1,LA
2006-11-06 21:45:00,766843,7,60,E,ML,0.405,40,100,256.0,0.0475,67.5,LA
2006-11-06 21:45:00,766844,7,60,E,HV,0.405,10,100,14.0,0.0051,64.9,LA
2006-11-06 21:45:00,766851,7,605,N,ML,0.32,40,100,204.0,0.0332,59.3,LA
2006-11-06 21:45:00,766852,7,605,N,HV,0.32,10,100,4.0,0.002,63.5,LA
2006-11-06 21:45:00,766873,7,105,W,HV,2.2,10,100,25.0,0.0235,64.0,LA
2006-11-06 21:45:00,766930,7,605,S,HV,1.099,10,100,2.0,0.0009,64.9,LA
2006-11-06 21:45:00,766936,7,605,S,HV,0.39,10,100,2.0,0.0009,64.7,LA
2006-11-06 21:45:00,766937,7,605,S,ML,0.39,40,75,240.0,0.0369,65.9,LA
2006-11-06 21:45:00,766954,7,405,S,HV,0.91,10,100,12.0,0.0066,64.6,LA
2006-11-06 21:45:00,766969,7,14,N,HV,2.42,10,100,46.0,0.0205,64.0,LA
2006-11-06 21:45:00,766971,7,170,S,HV,2.696,10,100,4.0,0.0018,65.0,LA
2006-11-06 21:45:00,766988,7,110,S,ML,0.675,40,100,209.0,0.0334,67.3,LA
2006-11-06 21:45:00,766996,7,14,S,HV,4.2,10,100,13.0,0.0055,65.1,LA
2006-11-06 21:45:00,767053,7,405,S,ML,0.45,40,100,237.0,0.0271,69.5,LA
2006-11-06 21:45:00,767054,7,405,S,HV,0.45,10,100,9.0,0.0051,64.6,LA
2006-11-06 21:45:00,767166,7,71,N,ML,2.119,20,100,40.0,0.0178,64.8,LA
2006-11-06 21:45:00,767233,7,605,N,ML,0.56,30,100,229.0,0.0377,66.8,LA
2006-11-06 21:45:00,767234,7,605,N,HV,0.56,10,100,8.0,0.0037,65.1,LA
2006-11-06 21:45:00,767262,7,405,S,HV,0.165,10,100,16.0,0.0068,64.8,LA
2006-11-06 21:45:00,767321,7,605,N,HV,2.119,10,100,9.0,0.0038,65.0,LA
2006-11-06 21:45:00,767329,7,10,W,ML,0.539,40,100,231.0,0.0337,67.6,LA
2006-11-06 21:45:00,767350,7,405,S,ML,0.615,40,100,279.0,0.0384,65.6,LA
2006-11-06 21:45:00,767351,7,405,N,ML,0.575,36,75,306.0,0.1365,62.7,LA
2006-11-06 21:45:00,767352,7,405,S,HV,0.615,10,100,10.0,0.0053,64.6,LA
2006-11-06 21:45:00,767353,7,405,N,HV,0.575,10,100,19.0,0.0088,64.8,LA
2006-11-06 21:45:00,767366,7,405,S,ML,0.615,40,100,306.0,0.0461,69.4,LA
2006-11-06 21:45:00,767367,7,405,N,ML,0.705,40,100,362.0,0.0533,65.8,LA
2006-11-06 21:45:00,767368,7,405,S,HV,0.615,10,100,12.0,0.0127,63.9,LA
2006-11-06 21:45:00,767369,7,405,N,HV,0.705,10,100,17.0,0.0083,64.6,LA
2006-11-06 21:45:00,767523,7,2,E,ML,0.45,40,100,200.0,0.0269,76.4,LA
2006-11-06 21:45:00,767541,7,2,E,ML,0.45,40,100,215.0,0.0313,62.5,LA
2006-11-06 21:45:00,767635,7,60,E,ML,0.02,10,20,247.0,0.0323,69.7,LA
2006-11-06 21:45:00,767678,7,605,N,ML,0.793,40,100,182.0,0.0307,64.9,LA
2006-11-06 21:45:00,767759,7,110,S,ML,1.7,30,100,100.0,0.0203,70.7,LA
2006-11-06 21:45:00,767760,7,110,N,ML,1.7,30,100,136.0,0.0255,69.2,LA
2006-11-06 21:45:00,767790,7,14,S,ML,5.0,30,100,47.0,0.0138,69.6,LA
2006-11-06 21:45:00,767791,7,14,N,ML,5.0,20,100,91.0,0.0299,70.6,LA
2006-11-06 21:45:00,767801,7,101,S,ML,5.0,30,100,79.0,0.0197,66.5,LA
2006-11-06 21:45:00,767810,7,101,N,ML,5.0,30,100,129.0,0.0264,68.7,LA
2006-11-06 21:45:00,767811,7,101,S,ML,5.0,30,100,155.0,0.0396,65.1,LA
2006-11-06 21:45:00,767838,7,105,E,ML,0.65,30,100,194.0,0.0425,69.5,LA
2006-11-06 21:45:00,767839,7,105,E,HV,0.65,10,100,31.0,0.017,64.2,LA
2006-11-06 21:45:00,767847,7,405,S,HV,0.24,10,100,13.0,0.0058,64.9,LA
2006-11-06 21:45:00,767857,7,105,E,ML,0.03,30,100,240.0,0.0355,74.2,LA
2006-11-06 21:45:00,767859,7,105,E,HV,0.03,10,100,36.0,0.0141,66.0,LA
2006-11-06 21:45:00,767868,7,105,E,ML,0.295,30,100,239.0,0.0318,76.2,LA
2006-11-06 21:45:00,767870,7,105,E,HV,0.295,10,100,36.0,0.0133,66.6,LA
2006-11-06 21:45:00,767882,7,210,E,HV,1.65,10,100,14.0,0.0063,65.1,LA
2006-11-06 21:45:00,767883,7,210,E,ML,1.65,30,100,195.0,0.0415,66.5,LA
2006-11-06 21:45:00,767895,7,210,E,HV,0.6,9,100,17.0,0.0072,65.1,LA
2006-11-06 21:45:00,767896,7,210,E,ML,0.6,30,100,212.0,0.0818,61.4,LA
2006-11-06 21:45:00,767897,7,210,W,HV,1.9,10,100,11.0,0.0051,64.9,LA
2006-11-06 21:45:00,767898,7,210,W,ML,1.9,30,100,150.0,0.0282,71.4,LA
2006-11-06 21:45:00,767909,7,210,W,HV,0.65,10,100,8.0,0.0035,64.5,LA
2006-11-06 21:45:00,767910,7,210,W,ML,0.65,30,100,125.0,0.0304,65.8,LA
2006-11-06 21:45:00,767924,7,210,E,HV,0.65,10,100,12.0,0.0074,63.9,LA
2006-11-06 21:45:00,767925,7,210,E,ML,0.65,30,100,179.0,0.044,62.1,LA
2006-11-06 21:45:00,767939,7,210,W,HV,0.85,10,100,13.0,0.006,65.0,LA
2006-11-06 21:45:00,767940,7,210,W,ML,0.85,40,100,142.0,0.0192,73.0,LA
2006-11-06 21:45:00,767941,7,210,E,HV,0.74,10,100,17.0,0.0089,64.9,LA
2006-11-06 21:45:00,767942,7,210,E,ML,0.74,40,100,201.0,0.0329,67.7,LA
2006-11-06 21:45:00,767954,7,210,W,HV,0.6,10,100,53.0,0.0743,54.2,LA
2006-11-06 21:45:00,767955,7,210,W,ML,0.6,30,100,136.0,0.0466,69.0,LA
2006-11-06 21:45:00,767969,7,210,E,HV,0.6,10,100,45.0,0.0315,67.7,LA
2006-11-06 21:45:00,767970,7,210,E,ML,0.6,40,100,184.0,0.0323,67.2,LA
2006-11-06 21:45:00,767983,7,210,E,HV,0.39,10,100,18.0,0.0083,65.0,LA
2006-11-06 21:45:00,767984,7,210,E,ML,0.39,40,100,231.0,0.0449,66.1,LA
2006-11-06 21:45:00,767985,7,210,W,HV,0.43,10,100,25.0,0.0086,65.1,LA
2006-11-06 21:45:00,767986,7,210,W,ML,0.43,30,100,109.0,0.0224,69.5,LA
2006-11-06 21:45:00,767997,7,210,E,HV,0.5,10,100,17.0,0.0093,64.9,LA
2006-11-06 21:45:00,767998,7,210,E,ML,0.5,40,100,242.0,0.0454,64.6,LA
2006-11-06 21:45:00,767999,7,210,W,HV,0.5,10,100,9.0,0.0046,64.9,LA
2006-11-06 21:45:00,768000,7,210,W,ML,0.5,30,100,113.0,0.013,68.4,LA
2006-11-06 21:45:00,768011,7,210,E,HV,0.52,10,100,16.0,0.0072,65.0,LA
2006-11-06 21:45:00,768012,7,210,E,ML,0.52,40,100,233.0,0.0377,66.8,LA
2006-11-06 21:45:00,768013,7,210,W,HV,0.52,10,100,8.0,0.0037,64.9,LA
2006-11-06 21:45:00,768014,7,210,W,ML,0.52,30,100,109.0,0.0235,70.2,LA
2006-11-06 21:45:00,768025,7,210,E,HV,0.425,10,100,21.0,0.0119,64.8,LA
2006-11-06 21:45:00,768026,7,210,E,ML,0.425,40,100,252.0,0.0473,63.9,LA
2006-11-06 21:45:00,768027,7,210,W,HV,0.47,10,100,105.0,0.033,62.4,LA
2006-11-06 21:45:00,768028,7,210,W,ML,0.47,30,100,112.0,0.0258,68.5,LA
2006-11-06 21:45:00,768040,7,210,E,HV,0.475,10,100,21.0,0.0097,65.0,LA
2006-11-06 21:45:00,768041,7,210,E,ML,0.475,40,100,215.0,0.0205,70.1,LA
2006-11-06 21:45:00,768054,7,210,W,HV,0.43,10,100,26.0,0.0308,62.9,LA
2006-11-06 21:45:00,768055,7,210,W,ML,0.43,30,100,86.0,0.0157,70.8,LA
2006-11-06 21:45:00,768066,7,101,S,ML,0.39,60,100,315.0,0.0263,68.3,LA
2006-11-06 21:45:00,768222,7,91,W,ML,0.37,40,100,255.0,0.0387,65.8,LA
2006-11-06 21:45:00,768223,7,91,E,ML,0.4,40,75,293.0,0.0509,65.0,LA
2006-11-06 21:45:00,768228,7,91,W,HV,0.37,10,100,12.0,0.006,64.4,LA
2006-11-06 21:45:00,768229,7,91,E,HV,0.4,10,100,15.0,0.0066,65.1,LA
2006-11-06 21:45:00,768230,7,2,W,ML,3.063,10,100,10.0,0.0061,67.1,LA
2006-11-06 21:45:00,768253,7,101,N,ML,0.855,40,100,274.0,0.0382,68.2,LA
2006-11-06 21:45:00,768265,7,101,S,ML,0.605,40,100,164.0,0.0255,65.7,LA
2006-11-06 21:45:00,768283,7,210,E,ML,3.05,30,100,98.0,0.0265,69.8,LA
2006-11-06 21:45:00,768284,7,210,W,ML,3.05,30,100,89.0,0.026,67.8,LA
2006-11-06 21:45:00,768297,7,210,E,ML,1.55,30,100,79.0,0.0237,67.7,LA
2006-11-06 21:45:00,768298,7,210,W,ML,1.55,29,100,90.0,0.0241,67.5,LA
2006-11-06 21:45:00,768304,7,10,E,HV,0.464,8,100,23.0,0.0106,65.4,LA
2006-11-06 21:45:00,768311,7,10,W,HV,0.577,10,100,14.0,0.0064,63.4,LA
2006-11-06 21:45:00,768314,7,10,E,HV,0.513,10,100,35.0,0.0144,66.2,LA
2006-11-06 21:45:00,768315,7,10,W,HV,0.654,10,100,17.0,0.0058,65.7,LA
2006-11-06 21:45:00,768319,7,10,W,HV,0.47,10,100,12.0,0.0055,65.1,LA
2006-11-06 21:45:00,768320,7,10,E,HV,0.466,10,100,21.0,0.0098,64.9,LA
2006-11-06 21:45:00,768328,7,10,E,ML,0.424,40,100,281.0,0.0487,72.3,LA
2006-11-06 21:45:00,768329,7,10,E,HV,0.424,10,100,29.0,0.0136,64.8,LA
2006-11-06 21:45:00,768330,7,10,W,HV,0.427,10,100,17.0,0.0073,64.8,LA
2006-11-06 21:45:00,768339,7,10,W,ML,0.3,40,100,235.0,0.0372,68.0,LA
2006-11-06 21:45:00,768340,7,10,W,HV,0.304,10,100,19.0,0.0082,65.1,LA
2006-11-06 21:45:00,768341,7,10,E,HV,0.473,10,100,29.0,0.0137,65.0,LA
2006-11-06 21:45:00,768354,7,10,W,HV,0.277,10,100,18.0,0.0078,65.1,LA
2006-11-06 21:45:00,768357,7,10,W,HV,0.518,10,100,13.0,0.0057,65.0,LA
2006-11-06 21:45:00,768358,7,10,E,HV,0.65,10,100,28.0,0.0127,65.1,LA
2006-11-06 21:45:00,768360,7,10,E,HV,0.706,10,100,26.0,0.012,64.0,LA
2006-11-06 21:45:00,768362,7,10,W,HV,0.837,10,100,11.0,0.0066,63.6,LA
2006-11-06 21:45:00,768426,7,10,E,HV,0.484,10,100,24.0,0.0113,64.9,LA
2006-11-06 21:45:00,768444,7,60,E,ML,1.588,50,100,336.0,0.0418,70.8,LA
2006-11-06 21:45:00,768469,7,101,N,ML,0.35,50,100,371.0,0.0346,76.8,LA
2006-11-06 21:45:00,768477,7,101,S,ML,0.595,27,67,169.0,0.0458,58.6,LA
2006-11-06 21:45:00,768618,7,405,S,HV,0.845,10,100,18.0,0.0079,64.7,LA
2006-11-06 21:45:00,768619,7,405,S,ML,0.845,40,100,351.0,0.0504,68.1,LA
2006-11-06 21:45:00,768694,7,10,E,ML,0.38,50,100,363.0,0.044,72.4,LA
2006-11-06 21:45:00,768718,7,10,W,HV,0.246,10,100,79.0,0.0349,65.5,LA
2006-11-06 21:45:00,768724,7,10,W,HV,0.565,10,100,5.0,0.0032,63.3,LA
2006-11-06 21:45:00,768738,7,10,W,HV,0.629,9,100,8.0,0.0044,64.9,LA
2006-11-06 21:45:00,768741,7,10,W,HV,0.525,10,100,12.0,0.0059,65.1,LA
2006-11-06 21:45:00,768743,7,10,E,HV,0.6,9,100,14.0,0.0076,64.6,LA
2006-11-06 21:45:00,768746,7,10,W,HV,0.316,9,100,9.0,0.0049,65.0,LA
2006-11-06 21:45:00,768751,7,10,E,HV,0.59,10,100,28.0,0.0131,65.7,LA
2006-11-06 21:45:00,768752,7,10,W,HV,0.539,10,100,11.0,0.0058,64.9,LA
2006-11-06 21:45:00,768898,7,91,E,ML,0.27,40,100,340.0,0.1488,64.4,LA
2006-11-06 21:45:00,768907,7,91,W,ML,0.34,40,100,269.0,0.0953,58.4,LA
2006-11-06 21:45:00,768908,7,91,W,HV,0.63,10,100,6.0,0.0027,65.0,LA
2006-11-06 21:45:00,768909,7,91,E,HV,0.63,10,100,6.0,0.003,64.9,LA
2006-11-06 21:45:00,768978,7,710,N,ML,0.464,45,100,278.0,0.0393,71.2,LA
2006-11-06 21:45:00,768984,7,710,N,ML,0.383,50,100,438.0,0.0439,78.0,LA
2006-11-06 21:45:00,769029,7,5,N,ML,0.4,50,100,135.0,0.0291,72.8,LA
2006-11-06 21:45:00,769030,7,5,S,ML,0.4,50,100,108.0,0.0246,72.8,LA
2006-11-06 21:45:00,769042,7,5,N,ML,0.3,40,100,130.0,0.0308,68.3,LA
2006-11-06 21:45:00,769043,7,5,S,ML,0.3,40,100,118.0,0.0331,69.8,LA
2006-11-06 21:45:00,769054,7,5,N,ML,0.88,40,100,114.0,0.0219,67.4,LA
2006-11-06 21:45:00,769055,7,5,S,ML,0.735,40,100,115.0,0.0337,68.1,LA
2006-11-06 21:45:00,769090,7,5,S,ML,1.095,38,100,112.0,0.0294,68.4,LA
2006-11-06 21:45:00,769105,7,10,W,ML,0.894,50,100,226.0,0.0276,72.8,LA
2006-11-06 21:50:00,715898,7,5,S,ML,0.43,30,100,187.0,0.0354,69.5,LA
2006-11-06 21:50:00,715915,7,5,N,ML,0.475,30,100,340.0,0.0645,63.1,LA
2006-11-06 21:50:00,715916,7,5,S,ML,0.41,40,100,328.0,0.0353,69.9,LA
2006-11-06 21:50:00,715922,7,5,S,ML,0.52,29,100,178.0,0.0424,65.6,LA
2006-11-06 21:50:00,715929,7,5,S,ML,0.47,40,100,353.0,0.0547,66.0,LA
2006-11-06 21:50:00,715930,7,5,N,ML,0.505,40,100,301.0,0.0494,67.5,LA
2006-11-06 21:50:00,715938,7,5,N,ML,0.545,40,100,285.0,0.043,70.0,LA
2006-11-06 21:50:00,715944,7,5,N,ML,0.323,40,100,249.0,0.0322,70.7,LA
2006-11-06 21:50:00,715947,7,5,S,ML,0.495,30,100,278.0,0.0451,68.8,LA
2006-11-06 21:50:00,716026,7,210,E,HV,1.255,10,100,19.0,0.0087,64.8,LA
2006-11-06 21:50:00,716028,7,10,E,ML,0.306,30,100,196.0,0.031,62.7,LA
2006-11-06 21:50:00,716067,7,10,E,ML,0.245,30,100,124.0,0.0196,69.3,LA
2006-11-06 21:50:00,716072,7,10,E,ML,0.28,60,100,399.0,0.0416,60.4,LA
2006-11-06 21:50:00,716075,7,10,E,ML,0.37,60,100,534.0,0.0319,70.0,LA
2006-11-06 21:50:00,716076,7,10,W,ML,0.37,60,100,372.0,0.0302,63.5,LA
2006-11-06 21:50:00,716078,7,10,E,ML,0.5,60,100,320.0,0.0346,66.4,LA
2006-11-06 21:50:00,716081,7,10,E,ML,0.19,40,75,279.0,0.0415,62.3,LA
2006-11-06 21:50:00,716084,7,10,W,ML,0.11,40,100,196.0,0.023,65.1,LA
2006-11-06 21:50:00,716088,7,10,W,ML,0.29,40,100,296.0,0.0318,77.2,LA
2006-11-06 21:50:00,716091,7,10,W,ML,0.495,40,100,308.0,0.0357,77.4,LA
2006-11-06 21:50:00,716092,7,10,E,ML,0.446,40,100,461.0,0.0461,76.7,LA
2006-11-06 21:50:00,716101,7,10,W,ML,0.38,40,100,270.0,0.0398,64.6,LA
2006-11-06 21:50:00,716126,7,10,E,ML,0.475,28,100,262.0,0.0341,68.2,LA
2006-11-06 21:50:00,716142,7,210,E,ML,1.255,40,100,243.0,0.0367,69.4,LA
2006-11-06 21:50:00,716143,7,210,E,ML,1.85,39,100,100.0,0.0358,53.8,LA
2006-11-06 21:50:00,716146,7,10,W,ML,0.5,48,80,315.0,0.0543,69.7,LA
2006-11-06 21:50:00,716176,7,10,W,ML,0.39,50,80,231.0,0.0273,69.0,LA
2006-11-06 21:50:00,716187,7,10,E,ML,0.515,40,75,416.0,0.0571,74.1,LA
2006-11-06 21:50:00,716193,7,10,W,ML,0.515,40,100,294.0,0.0418,71.8,LA
2006-11-06 21:50:00,716213,7,60,E,ML,0.915,40,100,272.0,0.0318,73.4,LA
2006-11-06 21:50:00,716241,7,60,W,ML,0.64,40,100,277.0,0.0466,64.3,LA
2006-11-06 21:50:00,716253,7,60,W,ML,0.655,40,100,338.0,0.0516,74.1,LA
2006-11-06 21:50:00,716254,7,60,E,ML,0.64,40,100,455.0,0.0634,77.2,LA
2006-11-06 21:50:00,716272,7,91,E,ML,0.333,30,100,86.0,0.0322,61.8,LA
2006-11-06 21:50:00,716273,7,91,E,ML,0.525,27,100,114.0,0.024,70.4,LA
2006-11-06 21:50:00,716295,7,91,W,ML,0.405,50,100,302.0,0.0369,69.7,LA
2006-11-06 21:50:00,716296,7,91,E,ML,0.53,50,100,323.0,0.0388,67.8,LA
2006-11-06 21:50:00,716311,7,91,W,ML,0.52,50,100,314.0,0.0364,72.9,LA
2006-11-06 21:50:00,716312,7,91,E,ML,0.52,60,100,310.0,0.026,73.7,LA
2006-11-06 21:50:00,716328,7,101,S,ML,0.365,40,100,413.0,0.0592,65.8,LA
2006-11-06 21:50:00,716331,7,101,S,ML,0.355,40,100,387.0,0.0634,65.3,LA
2006-11-06 21:50:00,716337,7,101,N,ML,0.46,40,100,393.0,0.0512,70.5,LA
2006-11-06 21:50:00,716339,7,101,S,ML,0.525,40,100,300.0,0.0456,64.9,LA
2006-11-06 21:50:00,716390,7,101,S,ML,0.79,36,80,213.0,0.0325,65.5,LA
2006-11-06 21:50:00,716391,7,101,S,ML,0.76,36,100,181.0,0.0308,63.0,LA
2006-11-06 21:50:00,716402,7,105,W,ML,0.75,30,67,105.0,0.0281,64.5,LA
2006-11-06 21:50:00,716404,7,105,W,ML,0.35,30,100,173.0,0.0516,66.5,LA
2006-11-06 21:50:00,716405,7,105,W,ML,0.45,40,50,282.0,0.0575,64.9,LA
2006-11-06 21:50:00,716407,7,105,W,ML,0.65,30,67,153.0,0.0441,66.6,LA
2006-11-06 21:50:00,716409,7,105,W,ML,0.75,30,100,224.0,0.0714,65.6,LA
2006-11-06 21:50:00,716413,7,105,W,ML,0.6,40,100,322.0,0.0457,70.7,LA
2006-11-06 21:50:00,716414,7,105,E,ML,0.5,30,100,272.0,0.0538,61.9,LA
2006-11-06 21:50:00,716419,7,105,E,ML,0.55,40,100,320.0,0.0428,60.8,LA
2006-11-06 21:50:00,716421,7,105,E,ML,0.55,40,100,316.0,0.0449,58.9,LA
2006-11-06 21:50:00,716422,7,105,W,ML,0.5,39,100,239.0,0.0427,58.8,LA
2006-11-06 21:50:00,716426,7,105,W,ML,0.495,30,100,205.0,0.043,57.3,LA
2006-11-06 21:50:00,716427,7,105,E,ML,0.32,27,100,240.0,0.047,59.0,LA
2006-11-06 21:50:00,716428,7,105,W,ML,0.55,27,100,162.0,0.0259,62.1,LA
2006-11-06 21:50:00,716431,7,105,E,ML,0.3,39,75,408.0,0.0924,59.0,LA
2006-11-06 21:50:00,716432,7,105,W,HV,0.3,10,100,19.0,0.0104,62.8,LA
2006-11-06 21:50:00,716433,7,105,E,ML,0.4,40,100,377.0,0.027,63.0,LA
2006-11-06 21:50:00,716434,7,105,W,ML,0.3,40,100,322.0,0.0398,64.7,LA
2006-11-06 21:50:00,716437,7,105,W,ML,0.65,30,100,333.0,0.0617,62.6,LA
2006-11-06 21:50:00,716440,7,105,E,ML,0.6,20,33,310.0,0.0593,63.2,LA
2006-11-06 21:50:00,716442,7,105,E,ML,0.6,30,67,400.0,0.0718,72.9,LA
2006-11-06 21:50:00,716443,7,105,W,ML,0.45,30,100,370.0,0.0563,65.2,LA
2006-11-06 21:50:00,716448,7,105,W,ML,0.5,30,100,404.0,0.0858,67.8,LA
2006-11-06 21:50:00,716449,7,105,E,ML,0.65,40,100,369.0,0.0418,72.1,LA
2006-11-06 21:50:00,716450,7,105,W,ML,0.455,40,100,391.0,0.0522,65.0,LA
2006-11-06 21:50:00,716453,7,105,E,ML,0.305,30,100,189.0,0.0304,65.7,LA
2006-11-06 21:50:00,716456,7,105,E,ML,0.47,50,100,249.0,0.0355,66.0,LA
2006-11-06 21:50:00,716457,7,105,W,ML,0.55,49,100,362.0,0.0342,75.6,LA
2006-11-06 21:50:00,716459,7,105,W,ML,0.45,30,100,269.0,0.0449,67.0,LA
2006-11-06 21:50:00,716460,7,105,E,ML,0.4,27,100,295.0,0.0626,54.2,LA
2006-11-06 21:50:00,716461,7,105,W,ML,0.35,30,100,286.0,0.0689,54.0,LA
2006-11-06 21:50:00,716466,7,105,E,ML,0.45,30,100,270.0,0.0569,55.4,LA
2006-11-06 21:50:00,716470,7,105,E,ML,0.665,40,100,290.0,0.0472,55.9,LA
2006-11-06 21:50:00,716481,7,110,S,ML,0.67,30,67,172.0,0.0344,64.7,LA
2006-11-06 21:50:00,716484,7,110,N,ML,0.77,50,100,234.0,0.0258,66.9,LA
2006-11-06 21:50:00,716485,7,110,S,ML,0.555,60,100,342.0,0.03,66.8,LA
2006-11-06 21:50:00,716499,7,110,N,ML,0.39,40,100,308.0,0.0288,79.1,LA
2006-11-06 21:50:00,716500,7,110,S,ML,0.795,40,50,240.0,0.0345,65.7,LA
2006-11-06 21:50:00,716541,7,118,E,HV,2.71,10,100,4.0,0.0016,65.1,LA
2006-11-06 21:50:00,716551,7,134,W,ML,0.906,40,100,129.0,0.0129,70.8,LA
2006-11-06 21:50:00,716554,7,134,W,ML,0.355,40,100,275.0,0.0397,68.7,LA
2006-11-06 21:50:00,716626,7,405,S,ML,0.26,50,80,270.0,0.0301,71.8,LA
2006-11-06 21:50:00,716674,7,405,S,ML,0.48,40,100,319.0,0.0424,68.9,LA
2006-11-06 21:50:00,716689,7,405,N,ML,0.385,40,100,339.0,0.0446,66.2,LA
2006-11-06 21:50:00,716694,7,405,N,ML,0.488,40,80,348.0,0.0398,68.3,LA
2006-11-06 21:50:00,716733,7,405,N,ML,1.11,50,100,667.0,0.0998,69.8,LA
2006-11-06 21:50:00,716739,7,405,N,ML,0.7,60,100,466.0,0.0405,64.2,LA
2006-11-06 21:50:00,716760,7,605,N,ML,0.47,40,75,295.0,0.0385,67.3,LA
2006-11-06 21:50:00,716775,7,605,S,ML,0.535,50,100,254.0,0.0276,73.0,LA
2006-11-06 21:50:00,716776,7,605,S,ML,0.56,40,75,189.0,0.0221,68.3,LA
2006-11-06 21:50:00,716788,7,605,N,ML,0.24,40,80,304.0,0.035,66.7,LA
2006-11-06 21:50:00,716800,7,605,N,ML,0.557,40,100,324.0,0.051,67.0,LA
2006-11-06 21:50:00,716810,7,605,S,ML,0.453,40,100,452.0,0.0961,62.9,LA
2006-11-06 21:50:00,716819,7,605,N,ML,0.473,39,50,400.0,0.0801,64.4,LA
2006-11-06 21:50:00,716834,7,605,N,ML,1.201,40,100,294.0,0.0514,69.4,LA
2006-11-06 21:50:00,716841,7,605,N,ML,0.426,40,100,167.0,0.0192,68.9,LA
2006-11-06 21:50:00,716847,7,710,S,ML,0.97,36,100,151.0,0.0286,65.7,LA
2006-11-06 21:50:00,716857,7,710,S,ML,0.493,45,100,280.0,0.0331,72.4,LA
2006-11-06 21:50:00,716875,7,710,S,ML,0.519,40,100,219.0,0.035,67.2,LA
2006-11-06 21:50:00,716895,7,5,S,ML,0.575,40,100,308.0,0.0553,61.7,LA
2006-11-06 21:50:00,716896,7,5,N,ML,0.455,40,100,240.0,0.0346,67.3,LA
2006-11-06 21:50:00,716897,7,5,N,ML,0.105,30,100,220.0,0.0487,61.2,LA
2006-11-06 21:50:00,716899,7,5,N,ML,0.425,30,100,212.0,0.0448,66.8,LA
2006-11-06 21:50:00,716900,7,5,N,ML,0.46,30,33,230.0,0.054,60.1,LA
2006-11-06 21:50:00,716901,7,5,S,ML,0.485,30,100,181.0,0.039,73.2,LA
2006-11-06 21:50:00,716904,7,5,N,ML,0.385,30,100,205.0,0.0463,66.7,LA
2006-11-06 21:50:00,716906,7,5,S,ML,0.335,30,100,204.0,0.0421,70.0,LA
2006-11-06 21:50:00,716907,7,5,S,ML,0.41,30,100,199.0,0.0419,70.5,LA
2006-11-06 21:50:00,716908,7,5,S,ML,0.47,29,100,168.0,0.0641,48.1,LA
2006-11-06 21:50:00,716910,7,5,N,ML,0.315,30,100,184.0,0.0419,67.8,LA
2006-11-06 21:50:00,716911,7,5,S,ML,0.47,30,100,210.0,0.0428,69.2,LA
2006-11-06 21:50:00,716912,7,5,S,ML,0.305,30,100,223.0,0.0437,63.0,LA
2006-11-06 21:50:00,716913,7,5,N,ML,0.27,21,100,231.0,0.0571,65.3,LA
2006-11-06 21:50:00,716915,7,5,S,ML,0.3,40,100,273.0,0.0395,74.3,LA
2006-11-06 21:50:00,716916,7,5,S,ML,0.275,36,100,451.0,0.0822,69.0,LA
2006-11-06 21:50:00,716920,7,5,S,ML,0.415,40,100,322.0,0.0424,67.0,LA
2006-11-06 21:50:00,716921,7,5,N,ML,0.415,40,100,271.0,0.044,66.6,LA
2006-11-06 21:50:00,716928,7,5,S,ML,0.421,40,100,269.0,0.0378,70.8,LA
2006-11-06 21:50:00,716929,7,5,N,ML,0.421,40,100,264.0,0.0437,71.0,LA
2006-11-06 21:50:00,716930,7,5,S,ML,0.323,40,100,316.0,0.036,69.0,LA
2006-11-06 21:50:00,716933,7,5,N,ML,0.565,50,80,325.0,0.0425,73.7,LA
2006-11-06 21:50:00,716934,7,5,S,ML,0.546,50,100,427.0,0.0487,72.5,LA
2006-11-06 21:50:00,716936,7,5,S,ML,0.4,50,100,403.0,0.041,73.0,LA
2006-11-06 21:50:00,716937,7,5,N,ML,0.495,50,100,491.0,0.0484,80.6,LA
2006-11-06 21:50:00,716938,7,5,S,ML,0.835,20,100,149.0,0.0435,69.1,LA
2006-11-06 21:50:00,716941,7,5,S,ML,0.39,30,50,186.0,0.0418,64.6,LA
2006-11-06 21:50:00,716942,7,5,N,ML,1.935,50,100,263.0,0.0348,70.4,LA
2006-11-06 21:50:00,716943,7,5,S,ML,0.43,30,100,133.0,0.0318,67.5,LA
2006-11-06 21:50:00,716946,7,5,S,ML,0.625,30,100,178.0,0.0456,66.1,LA
2006-11-06 21:50:00,716949,7,5,S,ML,0.57,40,60,286.0,0.0389,66.1,LA
2006-11-06 21:50:00,716951,7,5,N,ML,0.735,40,75,254.0,0.0462,65.8,LA
2006-11-06 21:50:00,716953,7,5,N,ML,0.465,49,100,327.0,0.0468,61.6,LA
2006-11-06 21:50:00,716955,7,5,S,ML,0.465,50,40,229.0,0.0315,66.6,LA
2006-11-06 21:50:00,716956,7,5,N,ML,0.55,45,100,277.0,0.0373,68.4,LA
2006-11-06 21:50:00,716958,7,5,S,ML,0.704,49,100,213.0,0.0394,63.2,LA
2006-11-06 21:50:00,716963,7,5,N,ML,0.36,40,100,306.0,0.05,68.0,LA
2006-11-06 21:50:00,716965,7,5,S,ML,0.27,40,100,210.0,0.0408,63.7,LA
2006-11-06 21:50:00,716968,7,5,N,ML,0.315,40,100,299.0,0.0485,67.7,LA
2006-11-06 21:50:00,716971,7,5,N,ML,0.265,40,100,258.0,0.0423,68.1,LA
2006-11-06 21:50:00,716973,7,5,N,ML,0.435,40,100,298.0,0.0495,69.5,LA
2006-11-06 21:50:00,716977,7,5,S,ML,0.495,10,25,252.0,0.0451,64.3,LA
2006-11-06 21:50:00,716978,7,5,N,ML,0.71,38,75,326.0,0.0554,68.8,LA
2006-11-06 21:50:00,716979,7,5,S,ML,0.765,40,25,137.0,0.04,60.9,LA
2006-11-06 21:50:00,716981,7,5,N,ML,0.72,40,75,262.0,0.048,66.6,LA
2006-11-06 21:50:00,716983,7,5,S,ML,0.795,40,100,144.0,0.0308,64.1,LA
2006-11-06 21:50:00,716985,7,5,N,ML,0.86,36,100,257.0,0.0415,74.6,LA
2006-11-06 21:50:00,716986,7,5,S,ML,0.905,36,75,151.0,0.0458,61.6,LA
2006-11-06 21:50:00,716988,7,5,N,ML,1.155,36,100,307.0,0.0624,69.4,LA
2006-11-06 21:50:00,716989,7,5,S,ML,0.65,36,25,144.0,0.0434,60.3,LA
2006-11-06 21:50:00,716991,7,5,S,ML,0.505,36,25,142.0,0.0348,61.2,LA
2006-11-06 21:50:00,716993,7,5,S,ML,0.65,40,75,169.0,0.0275,62.5,LA
2006-11-06 21:50:00,716994,7,5,N,ML,0.51,40,50,282.0,0.0394,65.8,LA
2006-11-06 21:50:00,717000,7,5,N,ML,0.925,40,100,231.0,0.035,70.6,LA
2006-11-06 21:50:00,717001,7,5,S,ML,0.84,40,100,182.0,0.0339,69.6,LA
2006-11-06 21:50:00,717004,7,5,S,ML,0.27,42,67,342.0,0.037,66.1,LA
2006-11-06 21:50:00,717011,7,10,E,ML,0.28,50,100,409.0,0.0371,70.9,LA
2006-11-06 21:50:00,717014,7,10,E,ML,0.325,40,100,385.0,0.0467,68.6,LA
2006-11-06 21:50:00,717015,7,10,W,ML,0.425,40,100,837.0,0.1984,45.3,LA
2006-11-06 21:50:00,717016,7,10,E,ML,0.23,40,100,359.0,0.0475,68.9,LA
2006-11-06 21:50:00,717047,7,10,W,ML,0.291,30,100,61.0,0.0144,63.9,LA
2006-11-06 21:50:00,717049,7,10,W,ML,0.125,30,100,30.0,0.0051,68.6,LA
2006-11-06 21:50:00,717055,7,10,W,ML,0.28,34,100,78.0,0.0748,29.3,LA
2006-11-06 21:50:00,717065,7,10,W,ML,0.19,40,100,194.0,0.0324,62.8,LA
2006-11-06 21:50:00,717071,7,10,W,ML,0.385,30,100,217.0,0.0331,78.1,LA
2006-11-06 21:50:00,717073,7,10,W,ML,0.395,40,100,178.0,0.0257,59.4,LA
2006-11-06 21:50:00,717075,7,10,E,ML,0.32,40,100,281.0,0.0534,53.7,LA
2006-11-06 21:50:00,717077,7,10,E,ML,0.235,40,50,277.0,0.0476,56.8,LA
2006-11-06 21:50:00,717081,7,10,W,ML,0.33,39,100,212.0,0.0316,63.2,LA
2006-11-06 21:50:00,717083,7,10,E,ML,0.195,40,100,342.0,0.0381,60.5,LA
2006-11-06 21:50:00,717084,7,10,E,ML,0.37,40,100,375.0,0.0511,64.9,LA
2006-11-06 21:50:00,717087,7,10,W,ML,0.33,40,100,222.0,0.0309,70.5,LA
2006-11-06 21:50:00,717089,7,10,E,ML,0.325,40,100,361.0,0.0456,75.9,LA
2006-11-06 21:50:00,717091,7,10,W,ML,0.18,40,100,219.0,0.0324,70.7,LA
2006-11-06 21:50:00,717093,7,10,E,ML,0.275,40,100,346.0,0.0485,69.0,LA
2006-11-06 21:50:00,717095,7,10,W,ML,0.29,40,100,306.0,0.0418,70.8,LA
2006-11-06 21:50:00,717097,7,10,E,ML,0.245,40,100,345.0,0.0385,68.9,LA
2006-11-06 21:50:00,717099,7,134,W,ML,1.025,40,100,241.0,0.0366,71.3,LA
2006-11-06 21:50:00,717101,7,10,W,ML,0.235,40,100,258.0,0.0375,68.9,LA
2006-11-06 21:50:00,717105,7,10,E,ML,0.26,40,100,334.0,0.0429,69.6,LA
2006-11-06 21:50:00,717108,7,10,W,ML,0.25,40,100,274.0,0.0406,69.9,LA
2006-11-06 21:50:00,717110,7,10,E,ML,0.255,40,100,339.0,0.0456,64.4,LA
2006-11-06 21:50:00,717112,7,10,W,ML,0.265,40,100,270.0,0.0372,67.4,LA
2006-11-06 21:50:00,717114,7,10,E,ML,0.25,40,100,350.0,0.0496,67.6,LA
2006-11-06 21:50:00,717116,7,10,W,ML,0.255,40,100,262.0,0.0345,68.7,LA
2006-11-06 21:50:00,717119,7,10,W,ML,0.246,40,100,191.0,0.0298,67.3,LA
2006-11-06 21:50:00,717121,7,10,W,ML,0.445,40,50,341.0,0.0498,70.6,LA
2006-11-06 21:50:00,717123,7,10,E,ML,0.45,40,100,383.0,0.0535,72.4,LA
2006-11-06 21:50:00,717125,7,10,W,ML,0.309,38,100,244.0,0.0344,68.4,LA
2006-11-06 21:50:00,717127,7,10,E,ML,0.315,40,100,300.0,0.049,67.5,LA
2006-11-06 21:50:00,717129,7,10,W,ML,0.17,40,100,224.0,0.0366,70.8,LA
2006-11-06 21:50:00,717135,7,10,W,ML,0.48,40,100,242.0,0.0353,62.4,LA
2006-11-06 21:50:00,717139,7,10,W,ML,0.465,27,100,230.0,0.0402,62.3,LA
2006-11-06 21:50:00,717140,7,10,E,HV,0.554,7,100,23.0,0.0113,64.8,LA
2006-11-06 21:50:00,717142,7,10,W,ML,0.625,28,100,231.0,0.0323,70.8,LA
2006-11-06 21:50:00,717143,7,605,N,ML,0.325,29,75,244.0,0.0385,66.2,LA
2006-11-06 21:50:00,717146,7,10,E,ML,0.71,40,100,267.0,0.0391,69.6,LA
2006-11-06 21:50:00,717148,7,10,E,HV,0.71,10,100,23.0,0.0095,65.1,LA
2006-11-06 21:50:00,717150,7,10,W,ML,0.526,45,100,262.0,0.0276,73.1,LA
2006-11-06 21:50:00,717152,7,10,E,ML,0.6,36,100,214.0,0.0355,60.9,LA
2006-11-06 21:50:00,717154,7,10,W,ML,0.32,45,100,196.0,0.0282,61.5,LA
2006-11-06 21:50:00,717155,7,10,E,ML,0.59,40,100,284.0,0.0415,69.0,LA
2006-11-06 21:50:00,717156,7,10,E,ML,0.66,40,100,294.0,0.0435,67.9,LA
2006-11-06 21:50:00,717157,7,10,W,ML,0.66,40,100,268.0,0.0362,71.4,LA
2006-11-06 21:50:00,717158,7,10,E,HV,2.855,10,100,21.0,0.0104,61.6,LA
2006-11-06 21:50:00,717160,7,10,W,ML,0.455,40,100,285.0,0.0416,69.0,LA
2006-11-06 21:50:00,717162,7,10,W,ML,0.305,40,100,287.0,0.0377,69.9,LA
2006-11-06 21:50:00,717165,7,10,E,ML,1.08,40,100,320.0,0.0465,67.8,LA
2006-11-06 21:50:00,717167,7,10,W,ML,0.3,40,100,244.0,0.0387,70.4,LA
2006-11-06 21:50:00,717169,7,10,W,ML,0.575,40,75,249.0,0.0413,69.6,LA
2006-11-06 21:50:00,717171,7,10,W,ML,0.595,40,100,254.0,0.0378,72.0,LA
2006-11-06 21:50:00,717176,7,10,W,ML,0.45,39,75,243.0,0.0355,69.2,LA
2006-11-06 21:50:00,717179,7,10,E,ML,0.45,40,100,326.0,0.0573,66.0,LA
2006-11-06 21:50:00,717185,7,10,E,ML,0.3,20,100,304.0,0.0434,69.7,LA
2006-11-06 21:50:00,717187,7,10,W,ML,0.275,40,100,254.0,0.0397,71.7,LA
2006-11-06 21:50:00,717190,7,10,E,ML,0.27,40,100,272.0,0.0416,65.7,LA
2006-11-06 21:50:00,717192,7,10,W,ML,0.27,40,100,256.0,0.0379,70.8,LA
2006-11-06 21:50:00,717195,7,10,E,ML,0.332,39,75,218.0,0.0372,63.3,LA
2006-11-06 21:50:00,717196,7,10,W,ML,0.314,40,100,249.0,0.0358,70.6,LA
2006-11-06 21:50:00,717198,7,10,E,ML,0.27,40,100,286.0,0.0433,68.3,LA
2006-11-06 21:50:00,717200,7,10,W,ML,0.295,40,75,242.0,0.0377,67.7,LA
2006-11-06 21:50:00,717202,7,10,W,ML,0.26,40,100,252.0,0.0384,65.3,LA
2006-11-06 21:50:00,717205,7,10,E,ML,0.545,40,100,280.0,0.041,68.2,LA
2006-11-06 21:50:00,717207,7,10,W,ML,0.245,40,100,247.0,0.0355,71.3,LA
2006-11-06 21:50:00,717209,7,10,W,ML,0.275,40,100,272.0,0.0474,69.2,LA
2006-11-06 21:50:00,717211,7,10,W,ML,0.235,40,75,256.0,0.0421,66.5,LA
2006-11-06 21:50:00,717214,7,10,E,ML,0.43,50,100,262.0,0.0277,71.0,LA
2006-11-06 21:50:00,717216,7,10,W,ML,0.41,30,75,220.0,0.0346,68.4,LA
2006-11-06 21:50:00,717219,7,10,E,ML,0.33,50,80,264.0,0.0283,70.6,LA
2006-11-06 21:50:00,717220,7,10,W,ML,0.33,40,100,266.0,0.0459,70.3,LA
2006-11-06 21:50:00,717224,7,10,W,ML,0.255,40,75,248.0,0.0355,69.4,LA
2006-11-06 21:50:00,717232,7,10,E,ML,0.39,50,100,345.0,0.0414,68.6,LA
2006-11-06 21:50:00,717235,7,10,W,ML,0.58,40,50,134.0,0.0181,69.3,LA
2006-11-06 21:50:00,717236,7,10,E,ML,0.58,50,80,258.0,0.0366,74.3,LA
2006-11-06 21:50:00,717243,7,10,E,ML,0.46,40,100,354.0,0.0496,72.8,LA
2006-11-06 21:50:00,717245,7,10,W,ML,0.655,40,75,272.0,0.0452,72.2,LA
2006-11-06 21:50:00,717246,7,10,W,ML,0.47,40,100,191.0,0.0374,60.0,LA
2006-11-06 21:50:00,717247,7,10,E,ML,0.471,40,100,400.0,0.0468,56.7,LA
2006-11-06 21:50:00,717249,7,10,W,ML,0.427,40,100,221.0,0.0333,73.5,LA
2006-11-06 21:50:00,717251,7,10,E,ML,0.468,40,75,316.0,0.0504,69.0,LA
2006-11-06 21:50:00,717252,7,10,W,ML,0.278,37,100,224.0,0.0382,68.0,LA
2006-11-06 21:50:00,717257,7,10,E,ML,0.655,40,100,344.0,0.0466,72.4,LA
2006-11-06 21:50:00,717258,7,10,W,ML,0.845,39,100,196.0,0.0427,60.2,LA
2006-11-06 21:50:00,717260,7,10,E,ML,0.71,40,100,206.0,0.0367,66.1,LA
2006-11-06 21:50:00,717262,7,60,E,ML,1.214,29,100,321.0,0.0603,58.3,LA
2006-11-06 21:50:00,717263,7,60,W,ML,0.625,50,80,165.0,0.0218,69.6,LA
2006-11-06 21:50:00,717264,7,60,E,ML,0.765,50,100,258.0,0.0255,72.7,LA
2006-11-06 21:50:00,717265,7,60,E,ML,0.43,50,100,272.0,0.027,68.6,LA
2006-11-06 21:50:00,717266,7,60,W,ML,0.495,50,100,174.0,0.0203,69.7,LA
2006-11-06 21:50:00,717268,7,60,E,ML,0.02,50,100,247.0,0.025,71.7,LA
2006-11-06 21:50:00,717269,7,60,W,ML,0.47,50,100,174.0,0.0205,68.0,LA
2006-11-06 21:50:00,717270,7,60,W,ML,0.915,40,100,171.0,0.0186,69.8,LA
2006-11-06 21:50:00,717273,7,60,E,ML,0.742,50,100,344.0,0.0399,72.6,LA
2006-11-06 21:50:00,717274,7,60,W,ML,0.77,59,100,228.0,0.0174,70.6,LA
2006-11-06 21:50:00,717277,7,60,W,ML,0.295,50,100,218.0,0.0262,72.2,LA
2006-11-06 21:50:00,717279,7,60,E,ML,0.293,59,100,322.0,0.0266,72.8,LA
2006-11-06 21:50:00,717281,7,60,W,ML,1.535,50,100,225.0,0.022,71.6,LA
2006-11-06 21:50:00,717282,7,60,W,ML,1.435,50,100,219.0,0.0308,71.8,LA
2006-11-06 21:50:00,717285,7,60,E,ML,1.487,40,100,316.0,0.0413,70.3,LA
2006-11-06 21:50:00,717288,7,60,W,ML,0.473,50,100,198.0,0.0262,71.2,LA
2006-11-06 21:50:00,717290,7,60,E,ML,0.373,40,100,322.0,0.0318,70.1,LA
2006-11-06 21:50:00,717292,7,60,E,ML,0.758,40,100,310.0,0.0232,69.6,LA
2006-11-06 21:50:00,717294,7,60,W,ML,0.773,49,100,204.0,0.0242,72.3,LA
2006-11-06 21:50:00,717296,7,60,E,ML,0.545,40,100,320.0,0.0535,70.1,LA
2006-11-06 21:50:00,717298,7,60,W,ML,0.48,50,100,207.0,0.0253,70.4,LA
2006-11-06 21:50:00,717300,7,60,W,ML,0.355,50,100,230.0,0.0281,69.4,LA
2006-11-06 21:50:00,717301,7,60,E,ML,0.335,50,100,331.0,0.0358,72.0,LA
2006-11-06 21:50:00,717318,7,60,E,ML,1.2,44,100,341.0,0.0518,63.7,LA
2006-11-06 21:50:00,717322,7,60,E,ML,0.57,40,100,292.0,0.0468,69.1,LA
2006-11-06 21:50:00,717327,7,60,W,ML,0.39,40,100,269.0,0.0299,69.5,LA
2006-11-06 21:50:00,717328,7,60,E,ML,0.325,40,100,244.0,0.0547,65.4,LA
2006-11-06 21:50:00,717332,7,60,E,ML,0.79,40,100,313.0,0.0495,71.7,LA
2006-11-06 21:50:00,717334,7,60,E,ML,0.205,36,100,344.0,0.0569,69.7,LA
2006-11-06 21:50:00,717337,7,60,W,ML,0.29,36,100,257.0,0.053,63.8,LA
2006-11-06 21:50:00,717339,7,60,W,ML,0.585,40,75,197.0,0.0294,62.4,LA
2006-11-06 21:50:00,717342,7,60,W,ML,0.515,40,100,180.0,0.0193,66.9,LA
2006-11-06 21:50:00,717346,7,60,E,ML,0.46,40,100,261.0,0.054,57.4,LA
2006-11-06 21:50:00,717350,7,60,W,ML,0.485,31,100,150.0,0.0373,56.5,LA
2006-11-06 21:50:00,717352,7,60,E,ML,0.54,35,100,275.0,0.0531,59.2,LA
2006-11-06 21:50:00,717355,7,60,W,ML,0.915,40,100,166.0,0.0201,65.4,LA
2006-11-06 21:50:00,717365,7,91,W,ML,0.495,30,75,193.0,0.0272,70.0,LA
2006-11-06 21:50:00,717367,7,91,E,ML,0.495,50,100,198.0,0.0256,67.1,LA
2006-11-06 21:50:00,717369,7,91,E,ML,0.325,40,100,228.0,0.0312,66.2,LA
2006-11-06 21:50:00,717373,7,91,E,ML,0.42,40,100,198.0,0.0288,67.7,LA
2006-11-06 21:50:00,717374,7,91,W,ML,0.415,39,100,152.0,0.0578,54.8,LA
2006-11-06 21:50:00,717375,7,91,W,ML,0.385,40,100,160.0,0.023,70.9,LA
2006-11-06 21:50:00,717376,7,91,E,ML,0.385,40,100,211.0,0.0321,69.0,LA
2006-11-06 21:50:00,717378,7,91,W,ML,0.545,40,100,186.0,0.0256,69.0,LA
2006-11-06 21:50:00,717379,7,91,E,ML,0.545,40,100,290.0,0.0348,68.5,LA
2006-11-06 21:50:00,717380,7,91,W,ML,0.515,40,100,143.0,0.0233,68.8,LA
2006-11-06 21:50:00,717381,7,91,E,ML,0.51,40,100,261.0,0.0381,70.0,LA
2006-11-06 21:50:00,717383,7,91,E,ML,0.405,40,100,254.0,0.0361,67.7,LA
2006-11-06 21:50:00,717384,7,91,W,ML,0.405,30,100,130.0,0.0238,72.6,LA
2006-11-06 21:50:00,717385,7,91,E,HV,0.685,10,100,0.0,0.0,62.5,LA
2006-11-06 21:50:00,717387,7,91,E,ML,0.45,40,100,231.0,0.0348,70.9,LA
2006-11-06 21:50:00,717388,7,91,W,ML,0.45,40,100,135.0,0.0219,72.6,LA
2006-11-06 21:50:00,717392,7,91,W,ML,0.585,30,100,168.0,0.0374,63.2,LA
2006-11-06 21:50:00,717393,7,91,E,ML,0.585,30,100,135.0,0.0257,68.6,LA
2006-11-06 21:50:00,717410,7,91,W,ML,0.52,40,100,275.0,0.0462,66.3,LA
2006-11-06 21:50:00,717420,7,91,E,ML,0.37,50,100,245.0,0.0305,71.0,LA
2006-11-06 21:50:00,717421,7,91,W,ML,0.445,40,100,276.0,0.057,67.8,LA
2006-11-06 21:50:00,717422,7,91,E,HV,0.37,10,100,5.0,0.0019,65.1,LA
2006-11-06 21:50:00,717424,7,91,W,ML,0.27,32,100,235.0,0.0439,65.5,LA
2006-11-06 21:50:00,717426,7,91,E,ML,0.34,50,100,240.0,0.0283,71.2,LA
2006-11-06 21:50:00,717428,7,91,W,ML,0.42,40,100,220.0,0.056,52.9,LA
2006-11-06 21:50:00,717429,7,91,W,HV,0.42,10,100,12.0,0.0073,64.7,LA
2006-11-06 21:50:00,717431,7,91,E,ML,0.42,40,100,355.0,0.0574,69.4,LA
2006-11-06 21:50:00,717433,7,91,W,ML,0.27,40,100,272.0,0.035,69.4,LA
2006-11-06 21:50:00,717434,7,91,E,ML,0.29,40,100,361.0,0.0474,70.2,LA
2006-11-06 21:50:00,717435,7,91,W,ML,0.245,40,100,296.0,0.0444,67.8,LA
2006-11-06 21:50:00,717440,7,91,W,ML,0.35,40,100,276.0,0.0479,68.2,LA
2006-11-06 21:50:00,717442,7,91,W,ML,0.921,40,100,258.0,0.0379,68.1,LA
2006-11-06 21:50:00,717443,7,91,E,ML,0.886,40,75,258.0,0.0325,70.8,LA
2006-11-06 21:50:00,717445,7,101,N,ML,0.555,36,100,390.0,0.0545,67.9,LA
2006-11-06 21:50:00,717446,7,101,S,ML,0.36,40,100,387.0,0.0564,66.5,LA
2006-11-06 21:50:00,717447,7,101,N,ML,0.43,40,100,424.0,0.068,64.8,LA
2006-11-06 21:50:00,717450,7,101,S,ML,0.47,40,100,405.0,0.058,64.2,LA
2006-11-06 21:50:00,717452,7,101,N,ML,0.45,40,100,397.0,0.0537,65.7,LA
2006-11-06 21:50:00,717453,7,101,S,ML,0.46,40,100,407.0,0.0587,63.9,LA
2006-11-06 21:50:00,717456,7,101,N,ML,0.29,40,100,329.0,0.0403,67.1,LA
2006-11-06 21:50:00,717458,7,101,S,ML,0.445,40,100,346.0,0.0456,66.8,LA
2006-11-06 21:50:00,717459,7,101,N,ML,0.29,40,75,371.0,0.0556,68.6,LA
2006-11-06 21:50:00,717460,7,101,N,ML,0.35,40,100,337.0,0.0447,67.4,LA
2006-11-06 21:50:00,717461,7,101,S,ML,0.35,40,100,290.0,0.039,65.5,LA
2006-11-06 21:50:00,717462,7,101,S,ML,0.405,40,100,339.0,0.033,67.6,LA
2006-11-06 21:50:00,717463,7,101,N,ML,0.405,40,100,384.0,0.0519,67.6,LA
2006-11-06 21:50:00,717465,7,101,N,ML,0.31,36,100,346.0,0.0504,69.5,LA
2006-11-06 21:50:00,717466,7,101,S,ML,0.31,36,100,291.0,0.0408,71.8,LA
2006-11-06 21:50:00,717472,7,101,S,ML,0.445,36,100,222.0,0.0297,66.3,LA
2006-11-06 21:50:00,717473,7,101,N,ML,0.555,36,100,293.0,0.0407,68.9,LA
2006-11-06 21:50:00,717480,7,101,N,ML,0.87,40,100,313.0,0.0417,69.6,LA
2006-11-06 21:50:00,717486,7,101,S,ML,0.86,49,100,301.0,0.0665,66.9,LA
2006-11-06 21:50:00,717488,7,101,S,ML,0.35,50,100,292.0,0.0319,72.4,LA
2006-11-06 21:50:00,717489,7,101,S,ML,0.565,50,80,275.0,0.0302,69.9,LA
2006-11-06 21:50:00,717490,7,101,S,ML,0.5,49,100,256.0,0.0355,60.1,LA
2006-11-06 21:50:00,717491,7,101,N,ML,0.5,49,80,344.0,0.0433,65.1,LA
2006-11-06 21:50:00,717492,7,101,N,ML,1.139,50,100,324.0,0.0383,65.1,LA
2006-11-06 21:50:00,717493,7,101,S,ML,0.91,50,100,295.0,0.0393,59.5,LA
2006-11-06 21:50:00,717499,7,101,S,ML,1.0,50,100,347.0,0.0503,57.3,LA
2006-11-06 21:50:00,717501,7,101,N,ML,1.07,50,100,283.0,0.0341,64.4,LA
2006-11-06 21:50:00,717508,7,101,S,ML,1.23,50,100,327.0,0.0329,71.8,LA
2006-11-06 21:50:00,717510,7,101,N,ML,1.886,50,100,410.0,0.0712,65.5,LA
2006-11-06 21:50:00,717511,7,101,S,ML,0.96,50,80,316.0,0.0336,70.9,LA
2006-11-06 21:50:00,717513,7,101,N,ML,1.01,50,100,392.0,0.0444,70.1,LA
2006-11-06 21:50:00,717514,7,101,S,ML,1.13,40,80,341.0,0.0374,69.5,LA
2006-11-06 21:50:00,717515,7,101,N,ML,1.01,50,100,379.0,0.0437,70.6,LA
2006-11-06 21:50:00,717516,7,101,S,ML,1.08,50,100,366.0,0.0428,72.3,LA
2006-11-06 21:50:00,717517,7,101,N,ML,1.045,50,100,349.0,0.0387,70.9,LA
2006-11-06 21:50:00,717518,7,101,S,ML,0.77,50,100,262.0,0.0348,68.4,LA
2006-11-06 21:50:00,717520,7,101,S,ML,0.515,50,100,226.0,0.0241,69.8,LA
2006-11-06 21:50:00,717522,7,101,N,ML,1.205,40,100,267.0,0.0433,64.4,LA
2006-11-06 21:50:00,717524,7,101,N,ML,1.03,40,100,206.0,0.0308,68.0,LA
2006-11-06 21:50:00,717525,7,118,E,ML,2.375,40,100,94.0,0.0118,68.8,LA
2006-11-06 21:50:00,717526,7,118,E,HV,2.375,10,100,3.0,0.0014,64.9,LA
2006-11-06 21:50:00,717528,7,118,W,ML,1.405,40,100,142.0,0.0186,69.0,LA
2006-11-06 21:50:00,717530,7,118,E,ML,1.365,40,100,116.0,0.0128,68.5,LA
2006-11-06 21:50:00,717531,7,118,E,HV,1.365,10,100,2.0,0.001,65.1,LA
2006-11-06 21:50:00,717532,7,118,W,ML,1.425,40,100,167.0,0.0221,68.8,LA
2006-11-06 21:50:00,717533,7,118,E,ML,1.515,40,100,151.0,0.0198,68.2,LA
2006-11-06 21:50:00,717534,7,118,E,HV,1.515,10,100,1.0,0.0006,64.9,LA
2006-11-06 21:50:00,717535,7,118,W,ML,1.58,40,100,156.0,0.0221,65.5,LA
2006-11-06 21:50:00,717536,7,118,E,ML,1.525,40,100,131.0,0.0178,65.8,LA
2006-11-06 21:50:00,717537,7,118,W,ML,1.43,40,100,184.0,0.0258,66.1,LA
2006-11-06 21:50:00,717539,7,118,E,ML,1.08,40,100,244.0,0.0364,66.1,LA
2006-11-06 21:50:00,717540,7,118,E,HV,1.08,10,100,3.0,0.0012,64.9,LA
2006-11-06 21:50:00,717541,7,118,E,ML,0.39,40,80,264.0,0.0291,70.2,LA
2006-11-06 21:50:00,717542,7,118,E,HV,0.39,10,100,3.0,0.0014,64.8,LA
2006-11-06 21:50:00,717543,7,118,E,ML,0.47,50,80,287.0,0.0299,70.4,LA
2006-11-06 21:50:00,717544,7,118,W,ML,0.625,50,100,218.0,0.0254,69.6,LA
2006-11-06 21:50:00,717545,7,118,E,HV,0.47,10,100,4.0,0.0018,64.9,LA
2006-11-06 21:50:00,717546,7,118,W,ML,2.71,50,100,242.0,0.028,70.1,LA
2006-11-06 21:50:00,717547,7,118,E,ML,2.71,50,60,330.0,0.0364,67.2,LA
2006-11-06 21:50:00,717562,7,118,W,ML,1.285,30,100,121.0,0.0206,68.8,LA
2006-11-06 21:50:00,717565,7,118,E,ML,1.285,40,100,98.0,0.008,67.7,LA
2006-11-06 21:50:00,717566,7,118,W,ML,1.921,20,100,46.0,0.0169,64.2,LA
2006-11-06 21:50:00,717578,7,134,E,ML,0.895,40,100,274.0,0.0391,75.4,LA
2006-11-06 21:50:00,717580,7,134,E,ML,0.655,40,100,231.0,0.0321,67.2,LA
2006-11-06 21:50:00,717582,7,134,W,ML,0.585,40,100,230.0,0.0295,77.1,LA
2006-11-06 21:50:00,717583,7,134,E,ML,0.68,40,100,247.0,0.0342,60.0,LA
2006-11-06 21:50:00,717585,7,134,E,ML,0.285,40,100,265.0,0.0348,68.8,LA
2006-11-06 21:50:00,717586,7,134,E,HV,0.285,10,100,13.0,0.0065,64.8,LA
2006-11-06 21:50:00,717587,7,134,E,ML,0.54,50,100,274.0,0.0294,73.2,LA
2006-11-06 21:50:00,717588,7,134,E,HV,0.54,10,100,13.0,0.0062,64.8,LA
2006-11-06 21:50:00,717590,7,134,W,ML,1.9,40,100,173.0,0.0247,75.3,LA
2006-11-06 21:50:00,717592,7,134,E,ML,1.77,39,75,172.0,0.047,70.6,LA
2006-11-06 21:50:00,717595,7,134,E,ML,1.765,40,100,218.0,0.0282,69.9,LA
2006-11-06 21:50:00,717597,7,134,W,ML,1.755,40,100,231.0,0.0318,68.7,LA
2006-11-06 21:50:00,717599,7,134,W,ML,0.645,40,100,277.0,0.0403,67.2,LA
2006-11-06 21:50:00,717601,7,134,E,ML,0.83,40,100,254.0,0.0441,71.5,LA
2006-11-06 21:50:00,717603,7,134,W,ML,0.816,50,100,239.0,0.0251,80.3,LA
2006-11-06 21:50:00,717604,7,134,W,HV,0.816,10,100,2.0,0.0009,66.0,LA
2006-11-06 21:50:00,717606,7,134,E,ML,0.526,40,100,192.0,0.0248,78.0,LA
2006-11-06 21:50:00,717607,7,134,E,HV,0.526,10,100,10.0,0.0048,66.2,LA
2006-11-06 21:50:00,717608,7,170,S,ML,0.67,40,75,183.0,0.0266,67.3,LA
2006-11-06 21:50:00,717609,7,170,S,HV,0.67,10,100,2.0,0.0009,64.9,LA
2006-11-06 21:50:00,717610,7,170,S,ML,0.6,40,100,167.0,0.0238,68.1,LA
2006-11-06 21:50:00,717612,7,170,S,ML,0.35,40,100,148.0,0.0192,69.5,LA
2006-11-06 21:50:00,717614,7,170,S,ML,0.516,27,100,133.0,0.0241,69.0,LA
2006-11-06 21:50:00,717615,7,210,W,ML,2.85,40,100,129.0,0.0254,65.9,LA
2006-11-06 21:50:00,717617,7,210,E,ML,2.77,40,100,100.0,0.0223,68.7,LA
2006-11-06 21:50:00,717622,7,210,W,ML,0.8,30,75,112.0,0.0205,63.7,LA
2006-11-06 21:50:00,717624,7,210,W,ML,0.95,50,100,170.0,0.0233,70.3,LA
2006-11-06 21:50:00,717625,7,210,E,ML,0.835,40,100,95.0,0.0165,65.2,LA
2006-11-06 21:50:00,717627,7,210,W,ML,0.75,27,67,35.0,0.0065,65.7,LA
2006-11-06 21:50:00,717628,7,210,E,ML,0.48,9,100,17.0,0.0124,64.8,LA
2006-11-06 21:50:00,717633,7,210,E,ML,0.675,60,100,277.0,0.0237,70.6,LA
2006-11-06 21:50:00,717634,7,210,W,ML,0.56,50,80,220.0,0.028,68.8,LA
2006-11-06 21:50:00,717635,7,210,E,ML,0.71,50,100,298.0,0.0364,70.6,LA
2006-11-06 21:50:00,717637,7,210,W,ML,0.955,50,100,93.0,0.0096,69.9,LA
2006-11-06 21:50:00,717638,7,210,E,ML,0.58,50,100,261.0,0.0369,60.0,LA
2006-11-06 21:50:00,717640,7,210,E,ML,0.77,50,100,307.0,0.0416,67.9,LA
2006-11-06 21:50:00,717641,7,210,E,HV,0.605,10,100,60.0,0.028,65.2,LA
2006-11-06 21:50:00,717642,7,210,W,ML,0.735,50,100,201.0,0.0325,67.4,LA
2006-11-06 21:50:00,717643,7,210,W,HV,0.735,10,100,8.0,0.0038,61.4,LA
2006-11-06 21:50:00,717644,7,210,W,ML,0.57,50,100,191.0,0.0357,64.5,LA
2006-11-06 21:50:00,717645,7,210,W,HV,0.57,10,100,6.0,0.0036,64.4,LA
2006-11-06 21:50:00,717649,7,210,W,ML,0.805,30,100,210.0,0.0356,68.6,LA
2006-11-06 21:50:00,717650,7,210,E,ML,0.675,40,40,264.0,0.0381,67.3,LA
2006-11-06 21:50:00,717654,7,210,E,ML,0.429,40,100,248.0,0.0321,68.0,LA
2006-11-06 21:50:00,717659,7,210,E,ML,0.605,39,100,192.0,0.0325,67.6,LA
2006-11-06 21:50:00,717660,7,710,N,ML,0.484,40,100,183.0,0.0263,69.8,LA
2006-11-06 21:50:00,717663,7,210,W,ML,0.43,39,100,212.0,0.0418,63.8,LA
2006-11-06 21:50:00,717667,7,210,E,ML,1.025,40,75,230.0,0.0412,66.7,LA
2006-11-06 21:50:00,717669,7,210,W,ML,0.6,40,75,234.0,0.0461,65.5,LA
2006-11-06 21:50:00,717670,7,210,W,HV,0.6,10,100,8.0,0.0035,65.0,LA
2006-11-06 21:50:00,717672,7,210,E,ML,0.955,40,100,241.0,0.0393,66.9,LA
2006-11-06 21:50:00,717673,7,210,W,ML,1.33,34,75,112.0,0.0662,43.0,LA
2006-11-06 21:50:00,717675,7,210,W,ML,0.544,40,100,234.0,0.041,68.6,LA
2006-11-06 21:50:00,717676,7,210,W,ML,0.8,40,100,235.0,0.0398,50.9,LA
2006-11-06 21:50:00,717677,7,210,W,HV,0.8,10,100,10.0,0.0046,65.1,LA
2006-11-06 21:50:00,717678,7,210,W,ML,0.375,50,40,255.0,0.0344,56.4,LA
2006-11-06 21:50:00,717682,7,210,W,ML,0.37,40,100,214.0,0.0261,68.5,LA
2006-11-06 21:50:00,717684,7,210,E,ML,0.331,39,100,237.0,0.0441,65.1,LA
2006-11-06 21:50:00,717685,7,210,W,ML,0.94,40,100,206.0,0.0357,70.1,LA
2006-11-06 21:50:00,717686,7,210,W,ML,0.71,40,80,244.0,0.0361,70.1,LA
2006-11-06 21:50:00,717687,7,210,W,HV,0.71,10,100,9.0,0.0046,65.1,LA
2006-11-06 21:50:00,717688,7,210,W,ML,0.8,40,75,144.0,0.0256,67.9,LA
2006-11-06 21:50:00,717689,7,210,W,HV,0.8,10,100,7.0,0.0033,65.0,LA
2006-11-06 21:50:00,717694,7,210,W,ML,1.21,30,25,222.0,0.0352,64.4,LA
2006-11-06 21:50:00,717695,7,210,W,HV,1.21,10,100,11.0,0.0055,65.0,LA
2006-11-06 21:50:00,717696,7,405,N,ML,0.85,40,100,251.0,0.038,66.9,LA
2006-11-06 21:50:00,717697,7,405,S,ML,0.75,40,100,251.0,0.033,66.3,LA
2006-11-06 21:50:00,717699,7,405,S,ML,0.45,40,100,318.0,0.0484,64.1,LA
2006-11-06 21:50:00,717701,7,405,N,ML,0.675,40,100,277.0,0.0346,70.3,LA
2006-11-06 21:50:00,717703,7,405,N,ML,0.505,40,100,364.0,0.0498,74.4,LA
2006-11-06 21:50:00,717706,7,405,N,ML,0.35,50,100,292.0,0.0304,74.5,LA
2006-11-06 21:50:00,717707,7,405,N,HV,0.35,10,100,14.0,0.0063,65.1,LA
2006-11-06 21:50:00,717709,7,405,N,ML,0.27,50,100,302.0,0.0279,69.7,LA
2006-11-06 21:50:00,717711,7,405,N,ML,0.495,40,100,296.0,0.0411,67.7,LA
2006-11-06 21:50:00,717713,7,405,N,ML,0.175,40,100,302.0,0.0419,70.7,LA
2006-11-06 21:50:00,717715,7,405,N,ML,0.325,40,100,282.0,0.0374,69.2,LA
2006-11-06 21:50:00,717717,7,405,N,ML,0.447,50,100,289.0,0.0262,73.7,LA
2006-11-06 21:50:00,717720,7,405,N,ML,0.285,40,100,254.0,0.0425,56.8,LA
2006-11-06 21:50:00,717723,7,405,N,ML,0.73,40,100,254.0,0.0345,69.6,LA
2006-11-06 21:50:00,717724,7,405,S,ML,0.815,40,100,229.0,0.0316,69.8,LA
2006-11-06 21:50:00,717725,7,405,N,HV,0.73,10,100,10.0,0.0049,64.9,LA
2006-11-06 21:50:00,717727,7,405,N,ML,0.735,40,100,211.0,0.0322,67.7,LA
2006-11-06 21:50:00,717729,7,405,N,ML,0.725,48,100,241.0,0.0259,75.3,LA
2006-11-06 21:50:00,717731,7,405,S,ML,0.93,40,100,277.0,0.0374,70.7,LA
2006-11-06 21:50:00,717735,7,405,N,ML,0.58,40,100,231.0,0.0435,63.3,LA
2006-11-06 21:50:00,717738,7,405,N,HV,0.63,10,100,16.0,0.0348,43.6,LA
2006-11-06 21:50:00,717744,7,405,N,ML,0.575,40,100,276.0,0.0382,69.1,LA
2006-11-06 21:50:00,717750,7,405,N,ML,0.505,40,100,280.0,0.0385,69.8,LA
2006-11-06 21:50:00,717751,7,405,S,ML,0.27,40,100,271.0,0.0354,69.7,LA
2006-11-06 21:50:00,717752,7,405,N,ML,0.43,40,100,274.0,0.0398,67.6,LA
2006-11-06 21:50:00,717753,7,405,S,ML,0.49,40,100,268.0,0.0322,67.0,LA
2006-11-06 21:50:00,717755,7,405,N,ML,0.595,40,100,284.0,0.0386,68.5,LA
2006-11-06 21:50:00,717756,7,405,N,HV,0.595,10,100,11.0,0.0045,64.2,LA
2006-11-06 21:50:00,717758,7,405,N,ML,0.415,40,100,306.0,0.0417,69.0,LA
2006-11-06 21:50:00,717759,7,405,N,HV,0.415,10,100,13.0,0.0053,65.1,LA
2006-11-06 21:50:00,717760,7,405,N,ML,0.48,40,100,368.0,0.0503,60.8,LA
2006-11-06 21:50:00,717761,7,405,N,HV,0.48,10,100,13.0,0.0053,65.1,LA
2006-11-06 21:50:00,717769,7,405,N,ML,0.41,40,75,242.0,0.0456,65.2,LA
2006-11-06 21:50:00,717770,7,710,N,ML,0.36,40,100,163.0,0.0246,72.7,LA
2006-11-06 21:50:00,717776,7,405,N,ML,0.385,40,100,315.0,0.0485,69.0,LA
2006-11-06 21:50:00,717779,7,405,N,ML,0.9,40,100,352.0,0.0692,67.2,LA
2006-11-06 21:50:00,717794,7,405,N,ML,0.655,50,100,506.0,0.0556,70.6,LA
2006-11-06 21:50:00,717798,7,405,N,ML,0.725,50,100,393.0,0.0373,71.4,LA
2006-11-06 21:50:00,717800,7,405,N,ML,0.51,50,100,466.0,0.0502,69.1,LA
2006-11-06 21:50:00,717801,7,405,N,ML,0.875,50,100,537.0,0.0579,67.6,LA
2006-11-06 21:50:00,717804,7,405,N,ML,1.19,50,100,550.0,0.0735,63.6,LA
2006-11-06 21:50:00,717806,7,405,N,ML,0.885,50,100,592.0,0.0725,68.6,LA
2006-11-06 21:50:00,717818,7,405,N,ML,0.45,40,100,274.0,0.035,71.3,LA
2006-11-06 21:50:00,717819,7,405,N,ML,0.78,40,100,276.0,0.0393,70.4,LA
2006-11-06 21:50:00,717821,7,405,S,ML,0.485,40,100,247.0,0.0346,68.2,LA
2006-11-06 21:50:00,717822,7,405,S,HV,0.485,10,100,6.0,0.0026,64.9,LA
2006-11-06 21:50:00,717823,7,405,N,ML,0.86,40,100,274.0,0.0376,67.0,LA
2006-11-06 21:50:00,717824,7,405,S,ML,0.73,40,100,226.0,0.0328,67.6,LA
2006-11-06 21:50:00,717825,7,405,N,ML,0.835,40,100,299.0,0.0394,69.7,LA
2006-11-06 21:50:00,717826,7,405,S,ML,0.595,40,100,171.0,0.0231,67.4,LA
2006-11-06 21:50:00,717828,7,405,S,ML,0.67,60,83,198.0,0.0209,68.6,LA
2006-11-06 21:50:00,717829,7,405,S,ML,2.488,60,67,184.0,0.0213,68.3,LA
2006-11-06 21:50:00,717831,7,605,N,ML,1.394,40,100,239.0,0.044,64.6,LA
2006-11-06 21:50:00,717832,7,605,S,ML,1.379,39,100,191.0,0.0625,41.7,LA
2006-11-06 21:50:00,717833,7,605,S,ML,0.41,40,100,171.0,0.0238,68.0,LA
2006-11-06 21:50:00,717836,7,605,N,ML,0.41,36,100,204.0,0.0269,68.9,LA
2006-11-06 21:50:00,717838,7,605,S,ML,0.305,40,100,146.0,0.0183,69.3,LA
2006-11-06 21:50:00,717839,7,605,N,ML,0.3,36,100,247.0,0.0314,68.9,LA
2006-11-06 21:50:00,717842,7,605,S,ML,0.47,40,100,231.0,0.0214,68.7,LA
2006-11-06 21:50:00,717843,7,605,S,ML,0.325,40,100,179.0,0.0297,64.4,LA
2006-11-06 21:50:00,717844,7,605,N,ML,0.445,40,100,229.0,0.0333,67.4,LA
2006-11-06 21:50:00,717846,7,605,S,ML,0.445,40,100,176.0,0.0412,64.7,LA
2006-11-06 21:50:00,717847,7,605,S,ML,0.45,40,100,211.0,0.0286,70.3,LA
2006-11-06 21:50:00,717848,7,605,S,ML,0.23,40,100,252.0,0.0313,67.8,LA
2006-11-06 21:50:00,717850,7,605,N,ML,0.445,40,100,260.0,0.0361,65.7,LA
2006-11-06 21:50:00,717851,7,605,N,ML,0.315,40,100,239.0,0.0264,66.1,LA
2006-11-06 21:50:00,717853,7,605,S,ML,0.315,33,100,158.0,0.1839,60.3,LA
2006-11-06 21:50:00,717854,7,605,N,ML,0.49,50,80,329.0,0.0356,70.9,LA
2006-11-06 21:50:00,717858,7,605,N,ML,0.245,50,80,294.0,0.0316,68.6,LA
2006-11-06 21:50:00,717859,7,605,S,ML,0.225,50,100,303.0,0.0481,60.0,LA
2006-11-06 21:50:00,717862,7,605,S,ML,0.275,50,100,236.0,0.0348,61.4,LA
2006-11-06 21:50:00,717863,7,605,N,ML,0.26,50,100,232.0,0.0284,67.1,LA
2006-11-06 21:50:00,717867,7,605,S,ML,0.275,46,80,331.0,0.0645,59.2,LA
2006-11-06 21:50:00,717871,7,605,S,ML,0.24,50,100,253.0,0.0303,61.4,LA
2006-11-06 21:50:00,717872,7,605,S,ML,0.632,40,100,183.0,0.027,68.1,LA
2006-11-06 21:50:00,717875,7,605,N,ML,0.775,50,100,347.0,0.0326,71.3,LA
2006-11-06 21:50:00,717876,7,605,N,HV,0.975,10,100,7.0,0.002,65.0,LA
2006-11-06 21:50:00,717877,7,605,S,ML,0.705,40,100,277.0,0.0487,66.5,LA
2006-11-06 21:50:00,717881,7,605,N,ML,0.579,40,100,403.0,0.0815,70.6,LA
2006-11-06 21:50:00,717882,7,605,N,HV,0.579,10,100,18.0,0.0076,65.1,LA
2006-11-06 21:50:00,717884,7,605,S,ML,0.58,40,100,277.0,0.0515,73.7,LA
2006-11-06 21:50:00,717885,7,605,S,ML,0.575,40,100,284.0,0.0476,61.5,LA
2006-11-06 21:50:00,717887,7,605,S,ML,0.525,40,100,271.0,0.0462,67.1,LA
2006-11-06 21:50:00,717888,7,605,N,ML,0.54,40,100,356.0,0.0663,72.0,LA
2006-11-06 21:50:00,717889,7,605,S,HV,0.525,10,100,13.0,0.0061,65.0,LA
2006-11-06 21:50:00,717892,7,605,N,HV,0.54,10,100,25.0,0.0111,64.3,LA
2006-11-06 21:50:00,717893,7,605,N,ML,0.485,40,100,308.0,0.0467,69.9,LA
2006-11-06 21:50:00,717894,7,605,S,ML,0.305,40,100,246.0,0.0511,68.8,LA
2006-11-06 21:50:00,717896,7,605,S,ML,0.307,40,75,250.0,0.0386,67.4,LA
2006-11-06 21:50:00,717897,7,605,N,ML,0.505,40,100,384.0,0.079,68.6,LA
2006-11-06 21:50:00,717898,7,605,S,ML,0.439,39,75,284.0,0.0545,65.5,LA
2006-11-06 21:50:00,717899,7,605,N,HV,0.505,10,100,29.0,0.013,64.8,LA
2006-11-06 21:50:00,717903,7,605,N,ML,0.5,40,100,336.0,0.0555,64.5,LA
2006-11-06 21:50:00,717906,7,605,N,ML,0.324,40,100,289.0,0.0527,68.9,LA
2006-11-06 21:50:00,717907,7,605,S,ML,0.306,40,100,267.0,0.0395,70.6,LA
2006-11-06 21:50:00,717908,7,605,S,HV,0.306,10,100,14.0,0.0066,65.0,LA
2006-11-06 21:50:00,717909,7,605,N,ML,0.413,40,100,342.0,0.0823,68.5,LA
2006-11-06 21:50:00,717912,7,605,S,ML,0.455,40,100,257.0,0.0443,68.9,LA
2006-11-06 21:50:00,717914,7,605,S,ML,0.414,40,100,260.0,0.032,69.8,LA
2006-11-06 21:50:00,717915,7,605,N,ML,0.431,40,100,329.0,0.0564,68.2,LA
2006-11-06 21:50:00,717916,7,605,S,HV,0.414,10,100,14.0,0.0061,65.1,LA
2006-11-06 21:50:00,717920,7,605,N,HV,0.431,10,100,27.0,0.0134,64.9,LA
2006-11-06 21:50:00,717922,7,605,N,ML,0.291,40,100,354.0,0.0605,68.8,LA
2006-11-06 21:50:00,717925,7,605,S,ML,0.385,40,100,284.0,0.0469,69.7,LA
2006-11-06 21:50:00,717926,7,605,N,ML,0.385,40,100,343.0,0.0516,69.7,LA
2006-11-06 21:50:00,717929,7,605,N,ML,0.562,38,100,341.0,0.0841,60.2,LA
2006-11-06 21:50:00,717930,7,605,S,ML,0.55,39,75,231.0,0.0469,65.0,LA
2006-11-06 21:50:00,717933,7,605,S,ML,0.55,40,100,261.0,0.0405,70.3,LA
2006-11-06 21:50:00,717934,7,605,N,ML,0.55,40,100,341.0,0.0474,65.9,LA
2006-11-06 21:50:00,717935,7,605,S,HV,0.55,10,100,6.0,0.0027,65.0,LA
2006-11-06 21:50:00,717938,7,605,N,HV,0.55,10,100,17.0,0.0071,64.9,LA
2006-11-06 21:50:00,717940,7,605,N,ML,0.26,40,100,277.0,0.0479,65.5,LA
2006-11-06 21:50:00,717942,7,605,S,ML,0.26,39,100,235.0,0.0581,50.7,LA
2006-11-06 21:50:00,717945,7,605,N,ML,0.312,40,50,225.0,0.0267,65.4,LA
2006-11-06 21:50:00,717947,7,605,S,ML,1.099,40,100,218.0,0.0336,68.7,LA
2006-11-06 21:50:00,717951,7,605,S,ML,0.98,40,100,157.0,0.0236,68.6,LA
2006-11-06 21:50:00,717954,7,605,N,ML,1.188,40,100,207.0,0.0271,64.1,LA
2006-11-06 21:50:00,717956,7,605,N,ML,1.034,39,100,186.0,0.0223,67.9,LA
2006-11-06 21:50:00,717957,7,605,S,ML,2.351,40,100,147.0,0.0164,70.1,LA
2006-11-06 21:50:00,717958,7,605,N,ML,1.948,40,100,172.0,0.0208,72.0,LA
2006-11-06 21:50:00,717966,7,710,N,ML,1.145,40,60,338.0,0.0514,64.7,LA
2006-11-06 21:50:00,717968,7,710,N,ML,0.985,30,100,214.0,0.0513,68.8,LA
2006-11-06 21:50:00,717970,7,710,S,ML,0.635,45,100,222.0,0.0243,67.9,LA
2006-11-06 21:50:00,717977,7,710,N,ML,0.4,40,100,106.0,0.0199,64.9,LA
2006-11-06 21:50:00,717978,7,710,S,ML,0.6,36,75,116.0,0.0205,68.2,LA
2006-11-06 21:50:00,717980,7,710,S,ML,0.223,36,75,229.0,0.033,66.1,LA
2006-11-06 21:50:00,717983,7,710,N,ML,0.76,36,100,241.0,0.0335,73.0,LA
2006-11-06 21:50:00,718010,7,710,N,ML,0.51,45,100,262.0,0.0342,71.4,LA
2006-11-06 21:50:00,718012,7,710,S,ML,0.64,50,100,291.0,0.0366,66.9,LA
2006-11-06 21:50:00,718014,7,710,N,ML,0.274,32,50,271.0,0.0503,67.5,LA
2006-11-06 21:50:00,718016,7,710,N,ML,2.861,27,100,142.0,0.0299,67.6,LA
2006-11-06 21:50:00,718017,7,710,S,ML,0.591,30,100,132.0,0.0249,68.7,LA
2006-11-06 21:50:00,718018,7,710,S,ML,2.675,30,67,109.0,0.0267,74.0,LA
2006-11-06 21:50:00,718020,7,10,W,ML,0.5,60,100,263.0,0.0357,63.1,LA
2006-11-06 21:50:00,718041,7,110,S,ML,0.455,50,100,457.0,0.0562,71.9,LA
2006-11-06 21:50:00,718045,7,110,S,ML,0.975,30,100,133.0,0.0394,53.5,LA
2006-11-06 21:50:00,718046,7,110,N,ML,2.87,30,67,231.0,0.0734,57.6,LA
2006-11-06 21:50:00,718047,7,210,W,ML,2.2,40,100,101.0,0.0148,71.2,LA
2006-11-06 21:50:00,718051,7,57,N,ML,0.62,40,100,157.0,0.0249,63.1,LA
2006-11-06 21:50:00,718052,7,57,S,ML,0.44,40,100,161.0,0.0232,67.3,LA
2006-11-06 21:50:00,718053,7,57,N,ML,0.45,40,100,175.0,0.0302,67.2,LA
2006-11-06 21:50:00,718054,7,57,S,ML,1.21,50,100,183.0,0.0273,67.4,LA
2006-11-06 21:50:00,718064,7,2,W,ML,0.599,40,100,119.0,0.0161,73.7,LA
2006-11-06 21:50:00,718066,7,2,W,ML,0.55,40,100,100.0,0.0134,68.5,LA
2006-11-06 21:50:00,718072,7,2,W,ML,0.335,39,100,49.0,0.0066,68.3,LA
2006-11-06 21:50:00,718076,7,2,W,ML,0.665,39,100,69.0,0.0091,63.7,LA
2006-11-06 21:50:00,718081,7,5,N,ML,0.575,30,100,220.0,0.0531,62.3,LA
2006-11-06 21:50:00,718086,7,5,N,ML,0.5,40,100,244.0,0.0311,71.6,LA
2006-11-06 21:50:00,718092,7,5,N,ML,0.235,40,100,342.0,0.0586,68.3,LA
2006-11-06 21:50:00,718102,7,710,N,ML,0.2,40,100,158.0,0.0217,72.3,LA
2006-11-06 21:50:00,718118,7,10,E,ML,0.445,40,100,294.0,0.0485,69.4,LA
2006-11-06 21:50:00,718119,7,10,E,ML,0.225,50,100,258.0,0.0285,71.8,LA
2006-11-06 21:50:00,718123,7,60,E,ML,0.91,36,100,347.0,0.0554,63.6,LA
2006-11-06 21:50:00,718125,7,60,W,ML,0.475,40,100,176.0,0.0452,57.8,LA
2006-11-06 21:50:00,718130,7,91,E,ML,0.36,40,100,239.0,0.0381,67.6,LA
2006-11-06 21:50:00,718141,7,101,N,ML,0.28,30,100,232.0,0.0439,67.4,LA
2006-11-06 21:50:00,718142,7,101,S,ML,0.315,40,100,237.0,0.0384,68.8,LA
2006-11-06 21:50:00,718144,7,101,S,ML,0.935,40,100,161.0,0.0211,71.7,LA
2006-11-06 21:50:00,718147,7,710,N,ML,1.815,36,100,205.0,0.0334,77.2,LA
2006-11-06 21:50:00,718151,7,710,N,ML,0.458,36,75,245.0,0.0397,69.4,LA
2006-11-06 21:50:00,718155,7,105,E,ML,0.6,30,100,219.0,0.0375,71.1,LA
2006-11-06 21:50:00,718164,7,110,N,ML,0.48,40,100,328.0,0.0361,69.2,LA
2006-11-06 21:50:00,718165,7,110,N,ML,1.93,30,33,271.0,0.0553,72.7,LA
2006-11-06 21:50:00,718166,7,110,S,ML,0.5,30,100,168.0,0.0439,61.7,LA
2006-11-06 21:50:00,718210,7,210,W,ML,0.68,32,100,218.0,0.033,68.7,LA
2006-11-06 21:50:00,718219,7,405,N,ML,0.565,40,100,214.0,0.0348,59.8,LA
2006-11-06 21:50:00,718221,7,405,S,ML,0.645,40,100,288.0,0.0373,67.0,LA
2006-11-06 21:50:00,718223,7,405,S,ML,0.475,40,100,269.0,0.0355,68.5,LA
2006-11-06 21:50:00,718226,7,405,S,ML,0.275,40,100,262.0,0.0345,68.7,LA
2006-11-06 21:50:00,718227,7,405,N,ML,0.415,50,80,290.0,0.0329,71.8,LA
2006-11-06 21:50:00,718229,7,405,S,ML,0.315,50,80,283.0,0.0289,72.4,LA
2006-11-06 21:50:00,718230,7,405,S,HV,0.315,10,100,14.0,0.0063,65.0,LA
2006-11-06 21:50:00,718232,7,405,S,ML,0.425,40,75,236.0,0.0324,63.2,LA
2006-11-06 21:50:00,718233,7,405,N,HV,0.27,10,100,11.0,0.0047,65.1,LA
2006-11-06 21:50:00,718235,7,405,S,ML,0.495,50,100,276.0,0.0289,76.5,LA
2006-11-06 21:50:00,718236,7,405,S,HV,0.495,10,100,12.0,0.0052,65.0,LA
2006-11-06 21:50:00,718240,7,405,S,ML,0.507,40,100,279.0,0.0331,62.8,LA
2006-11-06 21:50:00,718245,7,405,S,ML,0.535,50,100,272.0,0.031,70.3,LA
2006-11-06 21:50:00,718247,7,405,S,ML,0.705,39,100,230.0,0.0365,66.2,LA
2006-11-06 21:50:00,718249,7,405,S,ML,0.71,48,100,294.0,0.0442,66.0,LA
2006-11-06 21:50:00,718251,7,405,N,ML,0.985,40,100,269.0,0.03,66.2,LA
2006-11-06 21:50:00,718256,7,405,S,ML,0.665,39,100,285.0,0.0419,68.8,LA
2006-11-06 21:50:00,718257,7,405,S,HV,0.665,10,100,15.0,0.0063,64.0,LA
2006-11-06 21:50:00,718258,7,405,S,ML,0.88,50,100,262.0,0.0369,60.9,LA
2006-11-06 21:50:00,718259,7,405,N,ML,0.565,50,100,202.0,0.0236,66.3,LA
2006-11-06 21:50:00,718260,7,405,S,HV,0.63,10,100,8.0,0.0035,65.0,LA
2006-11-06 21:50:00,718265,7,405,S,ML,0.52,40,100,290.0,0.0388,69.5,LA
2006-11-06 21:50:00,718266,7,405,N,ML,0.52,40,100,277.0,0.041,69.0,LA
2006-11-06 21:50:00,718267,7,405,N,ML,0.615,40,100,307.0,0.041,68.9,LA
2006-11-06 21:50:00,718270,7,405,S,HV,0.33,10,100,12.0,0.0054,65.2,LA
2006-11-06 21:50:00,718277,7,405,S,ML,0.48,40,100,290.0,0.0406,67.1,LA
2006-11-06 21:50:00,718278,7,405,S,HV,0.48,10,100,10.0,0.0056,64.8,LA
2006-11-06 21:50:00,718284,7,405,S,ML,0.517,40,100,223.0,0.0273,70.7,LA
2006-11-06 21:50:00,718287,7,405,S,ML,0.9,40,100,325.0,0.0446,67.4,LA
2006-11-06 21:50:00,718290,7,405,S,ML,0.79,50,80,522.0,0.0685,65.7,LA
2006-11-06 21:50:00,718291,7,405,N,ML,0.95,50,100,494.0,0.067,65.5,LA
2006-11-06 21:50:00,718292,7,405,N,ML,0.715,40,100,367.0,0.1006,67.9,LA
2006-11-06 21:50:00,718312,7,405,S,ML,1.19,40,100,354.0,0.0508,69.1,LA
2006-11-06 21:50:00,718313,7,405,S,HV,1.19,10,100,17.0,0.0083,64.7,LA
2006-11-06 21:50:00,718314,7,405,S,ML,0.91,40,75,337.0,0.0479,68.8,LA
2006-11-06 21:50:00,718321,7,710,S,ML,0.17,40,100,225.0,0.0342,69.4,LA
2006-11-06 21:50:00,718331,7,10,W,HV,2.855,10,100,2.0,0.0008,65.0,LA
2006-11-06 21:50:00,718332,7,10,W,ML,0.37,40,100,248.0,0.0339,62.5,LA
2006-11-06 21:50:00,718356,7,57,N,ML,0.72,40,100,187.0,0.0343,64.1,LA
2006-11-06 21:50:00,718358,7,5,N,ML,0.6,30,100,206.0,0.0408,70.2,LA
2006-11-06 21:50:00,718364,7,5,S,ML,0.57,40,100,349.0,0.0445,71.7,LA
2006-11-06 21:50:00,718371,7,5,N,ML,0.35,50,100,427.0,0.0563,66.5,LA
2006-11-06 21:50:00,718379,7,5,S,ML,0.905,50,80,252.0,0.029,71.9,LA
2006-11-06 21:50:00,718389,7,5,N,ML,0.315,50,100,420.0,0.0518,74.9,LA
2006-11-06 21:50:00,718411,7,10,W,ML,0.47,30,33,200.0,0.0351,62.7,LA
2006-11-06 21:50:00,718421,7,10,E,ML,0.53,50,100,353.0,0.0342,69.9,LA
2006-11-06 21:50:00,718441,7,405,S,HV,0.425,10,100,13.0,0.006,65.0,LA
2006-11-06 21:50:00,718442,7,405,N,HV,0.495,10,100,12.0,0.0053,65.1,LA
2006-11-06 21:50:00,718445,7,10,E,ML,0.27,40,100,344.0,0.0464,67.9,LA
2006-11-06 21:50:00,718448,7,210,E,HV,1.85,10,100,17.0,0.0075,61.2,LA
2006-11-06 21:50:00,718466,7,605,N,ML,0.35,40,100,226.0,0.0323,70.0,LA
2006-11-06 21:50:00,718469,7,210,E,ML,0.563,40,100,303.0,0.0514,65.1,LA
2006-11-06 21:50:00,718479,7,405,S,ML,0.33,39,100,244.0,0.0542,54.2,LA
2006-11-06 21:50:00,718480,7,405,S,HV,0.33,10,100,8.0,0.004,65.0,LA
2006-11-06 21:50:00,718488,7,710,N,ML,0.4,60,100,250.0,0.0291,65.7,LA
2006-11-06 21:50:00,737152,7,605,S,ML,0.52,40,100,167.0,0.0266,68.3,LA
2006-11-06 21:50:00,737158,7,10,E,ML,0.38,40,20,367.0,0.0481,66.6,LA
2006-11-06 21:50:00,737278,7,10,E,ML,0.355,40,100,345.0,0.0486,67.6,LA
2006-11-06 21:50:00,737329,7,10,W,ML,0.135,30,100,81.0,0.0215,68.9,LA
2006-11-06 21:50:00,737433,7,101,N,ML,2.275,36,100,176.0,0.0241,72.6,LA
2006-11-06 21:50:00,737490,7,210,E,HV,0.429,10,100,7.0,0.0043,65.1,LA
2006-11-06 21:50:00,737504,7,605,S,ML,0.735,40,100,243.0,0.0349,66.0,LA
2006-11-06 21:50:00,737529,7,405,S,ML,0.47,40,100,228.0,0.0314,67.4,LA
2006-11-06 21:50:00,759142,7,118,E,ML,0.41,30,100,108.0,0.0184,68.2,LA
2006-11-06 21:50:00,759165,7,118,W,ML,0.47,30,67,106.0,0.0223,64.0,LA
2006-11-06 21:50:00,759271,7,101,N,ML,1.25,40,75,232.0,0.0335,69.7,LA
2006-11-06 21:50:00,759280,7,10,E,ML,0.27,30,100,211.0,0.038,66.7,LA
2006-11-06 21:50:00,759416,7,110,S,ML,0.185,40,100,206.0,0.0263,73.4,LA
2006-11-06 21:50:00,759418,7,110,S,ML,0.16,40,50,230.0,0.0274,68.4,LA
2006-11-06 21:50:00,759422,7,405,S,ML,0.24,40,100,300.0,0.0401,70.7,LA
2006-11-06 21:50:00,759427,7,405,N,ML,1.039,40,75,227.0,0.0312,67.0,LA
2006-11-06 21:50:00,759513,7,5,N,ML,0.335,30,100,170.0,0.0365,62.4,LA
2006-11-06 21:50:00,759518,7,5,N,ML,0.3,29,67,165.0,0.0412,56.5,LA
2006-11-06 21:50:00,759531,7,5,N,ML,0.305,40,100,285.0,0.044,68.1,LA
2006-11-06 21:50:00,759542,7,5,N,ML,0.295,40,100,299.0,0.0467,66.2,LA
2006-11-06 21:50:00,759552,7,5,N,ML,0.545,40,100,245.0,0.0439,60.0,LA
2006-11-06 21:50:00,759566,7,5,N,ML,0.395,50,100,339.0,0.0348,73.1,LA
2006-11-06 21:50:00,759576,7,5,N,ML,0.485,50,100,351.0,0.0485,67.5,LA
2006-11-06 21:50:00,759591,7,5,N,ML,0.67,40,100,251.0,0.0513,57.1,LA
2006-11-06 21:50:00,759648,7,5,N,ML,1.365,40,75,237.0,0.0452,72.0,LA
2006-11-06 21:50:00,759654,7,5,N,ML,1.12,40,100,166.0,0.0289,66.1,LA
2006-11-06 21:50:00,759707,7,5,S,ML,0.675,50,100,399.0,0.0507,69.2,LA
2006-11-06 21:50:00,759762,7,5,S,ML,0.3,40,100,241.0,0.0389,69.4,LA
2006-11-06 21:50:00,759772,7,5,S,ML,0.35,40,100,234.0,0.0343,70.3,LA
2006-11-06 21:50:00,759783,7,5,S,ML,0.69,40,75,237.0,0.0362,68.9,LA
2006-11-06 21:50:00,759822,7,5,S,ML,0.245,50,40,176.0,0.0258,67.4,LA
2006-11-06 21:50:00,759870,7,5,S,ML,1.465,40,100,153.0,0.0304,70.0,LA
2006-11-06 21:50:00,759888,7,5,S,ML,0.4,36,50,237.0,0.0277,67.6,LA
2006-11-06 21:50:00,759906,7,5,S,ML,1.0,40,100,116.0,0.0282,66.3,LA
2006-11-06 21:50:00,759933,7,5,S,ML,4.015,20,50,175.0,0.0245,66.7,LA
2006-11-06 21:50:00,759974,7,91,E,HV,0.42,10,100,5.0,0.0024,65.0,LA
2006-11-06 21:50:00,759975,7,91,E,HV,0.405,10,100,5.0,0.0022,65.0,LA
2006-11-06 21:50:00,759979,7,91,E,HV,0.195,10,100,11.0,0.005,64.9,LA
2006-11-06 21:50:00,759980,7,91,E,ML,0.195,40,100,199.0,0.035,63.6,LA
2006-11-06 21:50:00,759981,7,91,W,HV,0.7,10,100,2.0,0.0011,64.8,LA
2006-11-06 21:50:00,759982,7,91,W,HV,1.34,10,100,3.0,0.0014,65.0,LA
2006-11-06 21:50:00,759987,7,91,W,HV,0.27,10,100,18.0,0.0087,64.7,LA
2006-11-06 21:50:00,759989,7,91,W,HV,0.245,10,100,21.0,0.0072,65.0,LA
2006-11-06 21:50:00,759990,7,91,W,HV,0.35,10,100,26.0,0.0102,64.9,LA
2006-11-06 21:50:00,759991,7,91,E,HV,0.32,10,100,5.0,0.0022,65.0,LA
2006-11-06 21:50:00,759992,7,91,E,HV,0.886,10,100,20.0,0.0101,64.9,LA
2006-11-06 21:50:00,759993,7,91,W,HV,0.921,10,100,27.0,0.0138,64.7,LA
2006-11-06 21:50:00,759996,7,91,E,HV,0.93,10,100,7.0,0.0028,65.1,LA
2006-11-06 21:50:00,760002,7,101,N,ML,2.07,40,100,218.0,0.0294,67.1,LA
2006-11-06 21:50:00,760024,7,101,S,ML,0.72,50,100,520.0,0.0507,72.8,LA
2006-11-06 21:50:00,760046,7,105,E,ML,1.1,30,100,135.0,0.0383,62.4,LA
2006-11-06 21:50:00,760063,7,105,E,ML,0.6,30,100,45.0,0.0125,69.5,LA
2006-11-06 21:50:00,760073,7,105,E,HV,0.55,10,100,45.0,0.0217,64.3,LA
2006-11-06 21:50:00,760074,7,105,E,ML,0.55,40,100,256.0,0.0308,72.5,LA
2006-11-06 21:50:00,760080,7,105,E,ML,0.55,30,100,254.0,0.0502,68.2,LA
2006-11-06 21:50:00,760085,7,105,E,HV,0.55,10,100,54.0,0.0255,64.2,LA
2006-11-06 21:50:00,760090,7,105,E,HV,0.5,10,100,50.0,0.016,63.8,LA
2006-11-06 21:50:00,760100,7,105,E,HV,0.35,10,100,49.0,0.0249,64.6,LA
2006-11-06 21:50:00,760101,7,105,E,ML,0.35,30,100,279.0,0.0592,68.8,LA
2006-11-06 21:50:00,760110,7,105,E,HV,0.45,10,100,50.0,0.0267,65.6,LA
2006-11-06 21:50:00,760112,7,105,E,ML,0.45,40,75,294.0,0.0449,67.9,LA
2006-11-06 21:50:00,760117,7,105,E,HV,0.55,10,100,52.0,0.0399,53.1,LA
2006-11-06 21:50:00,760122,7,105,E,HV,0.55,10,100,46.0,0.0231,58.4,LA
2006-11-06 21:50:00,760147,7,105,W,HV,0.55,9,100,12.0,0.0064,64.2,LA
2006-11-06 21:50:00,760166,7,105,E,HV,0.6,8,100,21.0,0.0081,64.7,LA
2006-11-06 21:50:00,760167,7,105,E,ML,0.125,27,100,260.0,0.0554,63.5,LA
2006-11-06 21:50:00,760178,7,105,E,HV,0.4,10,100,29.0,0.0106,63.9,LA
2006-11-06 21:50:00,760187,7,105,E,ML,0.65,30,100,322.0,0.0509,70.3,LA
2006-11-06 21:50:00,760188,7,105,E,HV,0.65,10,100,30.0,0.0133,65.3,LA
2006-11-06 21:50:00,760196,7,105,E,ML,0.75,30,100,215.0,0.0593,67.6,LA
2006-11-06 21:50:00,760199,7,105,E,HV,0.75,10,100,21.0,0.0093,66.9,LA
2006-11-06 21:50:00,760213,7,105,E,HV,0.6,10,100,37.0,0.02,65.7,LA
2006-11-06 21:50:00,760224,7,105,E,HV,0.5,10,100,25.0,0.0289,51.6,LA
2006-11-06 21:50:00,760226,7,105,E,ML,0.5,30,33,304.0,0.1032,68.9,LA
2006-11-06 21:50:00,760236,7,105,E,ML,0.45,30,67,258.0,0.0689,57.6,LA
2006-11-06 21:50:00,760242,7,105,E,HV,0.65,10,100,38.0,0.0116,65.2,LA
2006-11-06 21:50:00,760246,7,105,E,HV,0.6,10,100,39.0,0.0188,67.0,LA
2006-11-06 21:50:00,760256,7,105,W,HV,0.1,10,100,18.0,0.007,65.6,LA
2006-11-06 21:50:00,760267,7,105,E,HV,0.305,10,100,37.0,0.0164,63.8,LA
2006-11-06 21:50:00,760279,7,105,E,HV,0.47,10,100,33.0,0.0149,60.3,LA
2006-11-06 21:50:00,760283,7,105,E,ML,0.45,30,100,263.0,0.0325,61.5,LA
2006-11-06 21:50:00,760289,7,105,E,HV,0.45,10,100,29.0,0.0168,63.8,LA
2006-11-06 21:50:00,760293,7,105,E,HV,0.4,9,100,24.0,0.0113,63.5,LA
2006-11-06 21:50:00,760320,7,105,E,HV,0.45,10,100,30.0,0.0128,63.8,LA
2006-11-06 21:50:00,760329,7,105,E,HV,0.5,10,100,16.0,0.0064,65.2,LA
2006-11-06 21:50:00,760330,7,105,E,ML,0.5,30,100,302.0,0.0695,69.1,LA
2006-11-06 21:50:00,760333,7,105,W,HV,0.4,10,100,4.0,0.0014,65.1,LA
2006-11-06 21:50:00,760358,7,105,W,ML,0.415,20,50,10.0,0.0039,67.1,LA
2006-11-06 21:50:00,760369,7,105,W,ML,0.4,40,100,250.0,0.0308,70.2,LA
2006-11-06 21:50:00,760375,7,105,W,ML,0.4,40,100,240.0,0.0434,72.9,LA
2006-11-06 21:50:00,760380,7,105,W,HV,0.4,10,100,18.0,0.0186,63.4,LA
2006-11-06 21:50:00,760384,7,105,W,ML,0.45,30,100,232.0,0.0554,58.7,LA
2006-11-06 21:50:00,760387,7,105,W,HV,0.45,10,100,17.0,0.0074,64.6,LA
2006-11-06 21:50:00,760395,7,105,W,HV,0.35,10,100,19.0,0.0201,70.8,LA
2006-11-06 21:50:00,760398,7,105,W,ML,0.35,30,100,265.0,0.0817,71.8,LA
2006-11-06 21:50:00,760424,7,105,W,HV,0.7,10,100,25.0,0.0123,65.0,LA
2006-11-06 21:50:00,760426,7,105,W,ML,0.7,30,100,258.0,0.0539,66.9,LA
2006-11-06 21:50:00,760432,7,105,W,HV,0.6,10,100,28.0,0.0178,66.3,LA
2006-11-06 21:50:00,760440,7,105,W,ML,0.4,30,100,295.0,0.067,66.1,LA
2006-11-06 21:50:00,760442,7,105,W,HV,0.4,10,100,29.0,0.0137,65.2,LA
2006-11-06 21:50:00,760452,7,105,W,ML,0.5,30,100,288.0,0.0617,69.0,LA
2006-11-06 21:50:00,760454,7,105,W,HV,0.5,10,100,30.0,0.0151,65.1,LA
2006-11-06 21:50:00,760465,7,105,W,HV,0.5,10,100,25.0,0.01,64.4,LA
2006-11-06 21:50:00,760473,7,105,W,ML,0.405,40,100,338.0,0.0465,73.2,LA
2006-11-06 21:50:00,760476,7,105,W,HV,0.55,10,100,40.0,0.0197,67.0,LA
2006-11-06 21:50:00,760481,7,105,W,ML,0.3,30,100,201.0,0.0412,56.7,LA
2006-11-06 21:50:00,760490,7,105,W,HV,0.65,10,100,8.0,0.0051,64.3,LA
2006-11-06 21:50:00,760496,7,105,W,ML,0.3,50,100,260.0,0.0288,64.3,LA
2006-11-06 21:50:00,760505,7,105,W,HV,0.3,10,100,22.0,0.0094,63.4,LA
2006-11-06 21:50:00,760512,7,105,W,ML,0.55,30,100,227.0,0.0456,74.7,LA
2006-11-06 21:50:00,760519,7,105,W,HV,0.55,10,100,21.0,0.0097,63.1,LA
2006-11-06 21:50:00,760525,7,105,W,HV,0.65,10,100,32.0,0.0149,64.5,LA
2006-11-06 21:50:00,760532,7,105,W,HV,0.5,10,100,19.0,0.0081,66.0,LA
2006-11-06 21:50:00,760535,7,105,W,ML,0.5,30,100,185.0,0.0504,63.6,LA
2006-11-06 21:50:00,760545,7,105,W,HV,0.5,10,100,25.0,0.0078,65.5,LA
2006-11-06 21:50:00,760550,7,105,W,HV,0.455,10,100,19.0,0.0085,64.8,LA
2006-11-06 21:50:00,760568,7,105,W,ML,0.35,30,67,242.0,0.0652,63.8,LA
2006-11-06 21:50:00,760572,7,105,W,HV,0.35,10,100,18.0,0.0086,60.2,LA
2006-11-06 21:50:00,760580,7,105,W,HV,0.55,10,100,16.0,0.0062,65.2,LA
2006-11-06 21:50:00,760585,7,105,W,HV,0.45,10,100,20.0,0.0081,65.0,LA
2006-11-06 21:50:00,760598,7,105,W,HV,0.3,10,100,13.0,0.0056,62.8,LA
2006-11-06 21:50:00,760599,7,105,W,ML,0.3,30,33,221.0,0.0442,64.5,LA
2006-11-06 21:50:00,760604,7,105,W,HV,0.3,10,100,19.0,0.0087,65.2,LA
2006-11-06 21:50:00,760606,7,105,W,ML,0.3,30,67,209.0,0.037,68.3,LA
2006-11-06 21:50:00,760617,7,105,W,HV,0.595,10,100,246.0,0.0698,56.5,LA
2006-11-06 21:50:00,760619,7,105,W,ML,0.595,30,100,163.0,0.02,56.5,LA
2006-11-06 21:50:00,760650,7,110,S,ML,1.296,50,80,189.0,0.0331,55.7,LA
2006-11-06 21:50:00,760672,7,118,W,HV,0.625,10,100,2.0,0.0011,64.9,LA
2006-11-06 21:50:00,760677,7,118,W,HV,2.71,10,100,2.0,0.0008,65.0,LA
2006-11-06 21:50:00,760693,7,118,E,ML,1.786,20,100,45.0,0.0129,68.4,LA
2006-11-06 21:50:00,760718,7,118,E,ML,0.255,30,100,93.0,0.0169,69.9,LA
2006-11-06 21:50:00,760726,7,118,E,ML,0.34,30,100,96.0,0.0195,68.8,LA
2006-11-06 21:50:00,760738,7,118,E,ML,0.26,30,100,95.0,0.0191,67.9,LA
2006-11-06 21:50:00,760756,7,118,E,ML,0.285,30,100,94.0,0.0169,69.0,LA
2006-11-06 21:50:00,760765,7,118,E,ML,0.44,30,100,93.0,0.0151,68.0,LA
2006-11-06 21:50:00,760814,7,118,E,ML,0.235,20,100,80.0,0.0239,73.4,LA
2006-11-06 21:50:00,760827,7,118,W,HV,2.255,10,100,4.0,0.0014,65.2,LA
2006-11-06 21:50:00,760828,7,118,W,ML,2.255,40,100,97.0,0.0153,66.4,LA
2006-11-06 21:50:00,760832,7,118,W,HV,1.405,10,100,3.0,0.0011,65.1,LA
2006-11-06 21:50:00,760835,7,118,W,HV,1.425,10,100,4.0,0.0024,65.1,LA
2006-11-06 21:50:00,760840,7,118,W,HV,1.58,10,100,2.0,0.0009,65.0,LA
2006-11-06 21:50:00,760844,7,118,W,HV,1.43,10,100,3.0,0.0013,64.4,LA
2006-11-06 21:50:00,760869,7,118,W,ML,1.756,30,33,112.0,0.0325,60.1,LA
2006-11-06 21:50:00,760892,7,118,W,ML,0.28,30,100,120.0,0.0233,66.7,LA
2006-11-06 21:50:00,760900,7,118,W,ML,0.325,30,100,104.0,0.02,67.6,LA
2006-11-06 21:50:00,760921,7,118,W,ML,0.34,30,100,111.0,0.0222,66.5,LA
2006-11-06 21:50:00,760987,7,134,E,ML,1.045,40,100,216.0,0.0271,70.8,LA
2006-11-06 21:50:00,760989,7,134,E,HV,1.045,10,100,6.0,0.0027,64.9,LA
2006-11-06 21:50:00,761005,7,134,E,HV,0.895,10,100,9.0,0.0055,66.5,LA
2006-11-06 21:50:00,761009,7,134,E,HV,0.655,10,100,8.0,0.0037,64.8,LA
2006-11-06 21:50:00,761014,7,134,E,HV,0.68,10,100,9.0,0.0041,62.2,LA
2006-11-06 21:50:00,761035,7,134,W,HV,1.9,10,100,3.0,0.0014,65.0,LA
2006-11-06 21:50:00,761038,7,134,W,HV,1.025,10,100,5.0,0.0022,65.0,LA
2006-11-06 21:50:00,761041,7,134,W,HV,0.585,10,100,5.0,0.0023,65.5,LA
2006-11-06 21:50:00,761044,7,134,W,HV,1.001,10,100,5.0,0.003,65.1,LA
2006-11-06 21:50:00,761066,7,170,S,HV,0.35,10,100,6.0,0.003,64.9,LA
2006-11-06 21:50:00,761093,7,210,E,HV,0.675,10,100,10.0,0.0047,64.9,LA
2006-11-06 21:50:00,761098,7,210,E,HV,0.71,10,100,20.0,0.0093,62.9,LA
2006-11-06 21:50:00,761102,7,210,E,HV,0.58,10,100,16.0,0.0174,57.4,LA
2006-11-06 21:50:00,761105,7,210,E,HV,0.77,10,100,13.0,0.0062,64.9,LA
2006-11-06 21:50:00,761115,7,210,E,HV,1.025,10,100,14.0,0.0052,65.1,LA
2006-11-06 21:50:00,761117,7,210,E,HV,0.955,10,100,22.0,0.0094,64.8,LA
2006-11-06 21:50:00,761199,7,210,E,HV,1.36,10,100,13.0,0.0058,65.5,LA
2006-11-06 21:50:00,761206,7,210,E,ML,1.36,40,100,251.0,0.0275,66.4,LA
2006-11-06 21:50:00,761214,7,210,E,HV,0.815,10,100,26.0,0.0133,64.7,LA
2006-11-06 21:50:00,761220,7,210,E,ML,0.815,40,100,318.0,0.0522,70.0,LA
2006-11-06 21:50:00,761222,7,210,E,HV,0.755,10,100,23.0,0.0106,64.8,LA
2006-11-06 21:50:00,761240,7,210,E,HV,0.565,10,100,26.0,0.0103,65.7,LA
2006-11-06 21:50:00,761318,7,210,W,HV,0.56,10,100,2.0,0.0012,65.1,LA
2006-11-06 21:50:00,761322,7,210,W,HV,0.955,10,100,35.0,0.0165,62.1,LA
2006-11-06 21:50:00,761325,7,210,W,HV,0.805,6,100,7.0,0.0029,65.8,LA
2006-11-06 21:50:00,761329,7,210,W,HV,0.43,10,100,4.0,0.0017,65.0,LA
2006-11-06 21:50:00,761353,7,210,W,HV,0.925,10,100,8.0,0.0046,65.0,LA
2006-11-06 21:50:00,761356,7,210,W,ML,0.925,40,75,188.0,0.0371,59.1,LA
2006-11-06 21:50:00,761363,7,210,W,HV,0.68,8,100,10.0,0.0044,64.8,LA
2006-11-06 21:50:00,761380,7,210,W,HV,1.33,10,100,11.0,0.0045,65.1,LA
2006-11-06 21:50:00,761384,7,210,W,HV,0.544,10,100,4.0,0.0023,65.0,LA
2006-11-06 21:50:00,761386,7,210,W,HV,0.375,10,100,15.0,0.0067,65.1,LA
2006-11-06 21:50:00,761388,7,210,W,HV,0.37,10,100,16.0,0.0069,65.0,LA
2006-11-06 21:50:00,761390,7,210,W,HV,0.94,10,100,14.0,0.0063,65.1,LA
2006-11-06 21:50:00,761396,7,210,W,HV,2.2,10,100,8.0,0.0037,65.1,LA
2006-11-06 21:50:00,761435,7,405,N,HV,0.355,10,100,15.0,0.006,65.2,LA
2006-11-06 21:50:00,761441,7,405,N,HV,0.52,10,100,12.0,0.0053,65.1,LA
2006-11-06 21:50:00,761444,7,405,N,HV,0.505,10,100,12.0,0.0053,65.0,LA
2006-11-06 21:50:00,761445,7,405,S,HV,0.27,10,100,13.0,0.0057,65.0,LA
2006-11-06 21:50:00,761452,7,405,N,HV,0.235,10,100,12.0,0.0051,65.1,LA
2006-11-06 21:50:00,761455,7,405,N,ML,0.235,40,100,279.0,0.0377,69.2,LA
2006-11-06 21:50:00,761482,7,405,N,ML,0.667,60,100,294.0,0.029,68.3,LA
2006-11-06 21:50:00,761492,7,405,N,ML,0.34,40,100,218.0,0.0345,66.8,LA
2006-11-06 21:50:00,761531,7,405,S,HV,0.48,10,100,12.0,0.0054,64.9,LA
2006-11-06 21:50:00,761532,7,405,N,HV,0.615,9,100,13.0,0.0059,65.0,LA
2006-11-06 21:50:00,761538,7,405,S,HV,0.41,10,100,10.0,0.0044,64.9,LA
2006-11-06 21:50:00,761541,7,405,S,ML,0.515,40,100,274.0,0.0387,68.9,LA
2006-11-06 21:50:00,761548,7,405,S,HV,0.255,10,100,11.0,0.0053,64.9,LA
2006-11-06 21:50:00,761552,7,405,S,ML,0.325,40,100,279.0,0.0385,65.9,LA
2006-11-06 21:50:00,761599,7,5,N,ML,1.17,50,100,306.0,0.0369,71.2,LA
2006-11-06 21:50:00,761644,7,5,N,ML,0.415,40,75,258.0,0.0362,69.6,LA
2006-11-06 21:50:00,761675,7,605,N,ML,0.435,40,100,213.0,0.0305,69.2,LA
2006-11-06 21:50:00,761734,7,710,N,ML,0.545,50,100,306.0,0.0385,73.1,LA
2006-11-06 21:50:00,761776,7,710,S,ML,0.75,36,100,252.0,0.0407,67.4,LA
2006-11-06 21:50:00,761844,7,605,N,ML,0.725,40,100,276.0,0.0315,69.8,LA
2006-11-06 21:50:00,761851,7,710,S,ML,0.45,52,83,263.0,0.0383,60.4,LA
2006-11-06 21:50:00,762329,7,2,W,ML,0.4,40,100,88.0,0.0119,66.7,LA
2006-11-06 21:50:00,762347,7,5,N,ML,0.35,40,100,223.0,0.0309,62.7,LA
2006-11-06 21:50:00,762353,7,5,N,ML,0.48,40,100,229.0,0.0341,68.0,LA
2006-11-06 21:50:00,762404,7,10,E,HV,2.746,10,100,7.0,0.0048,65.1,LA
2006-11-06 21:50:00,762405,7,10,W,HV,2.621,10,100,6.0,0.0033,65.1,LA
2006-11-06 21:50:00,762423,7,10,W,HV,0.37,10,100,8.0,0.0041,64.7,LA
2006-11-06 21:50:00,762436,7,10,W,HV,0.3,10,100,8.0,0.0059,64.7,LA
2006-11-06 21:50:00,762449,7,10,E,HV,0.685,10,100,20.0,0.008,66.1,LA
2006-11-06 21:50:00,762451,7,10,E,HV,0.559,10,100,16.0,0.0077,64.1,LA
2006-11-06 21:50:00,762453,7,10,E,HV,0.47,10,100,20.0,0.0368,24.0,LA
2006-11-06 21:50:00,762455,7,10,E,HV,0.535,10,100,16.0,0.009,64.6,LA
2006-11-06 21:50:00,762457,7,10,E,HV,0.51,10,100,12.0,0.0065,64.7,LA
2006-11-06 21:50:00,762459,7,10,E,HV,0.46,10,100,11.0,0.006,64.5,LA
2006-11-06 21:50:00,762461,7,10,E,HV,0.525,10,100,12.0,0.006,65.1,LA
2006-11-06 21:50:00,762470,7,10,W,HV,0.465,7,100,9.0,0.0039,65.0,LA
2006-11-06 21:50:00,762474,7,10,W,HV,0.37,10,100,9.0,0.0068,64.8,LA
2006-11-06 21:50:00,762480,7,10,W,HV,0.385,20,100,59.0,0.0147,68.3,LA
2006-11-06 21:50:00,762482,7,10,W,HV,0.29,10,100,10.0,0.0048,65.6,LA
2006-11-06 21:50:00,762484,7,10,W,HV,0.395,10,100,3.0,0.0022,64.8,LA
2006-11-06 21:50:00,762486,7,10,W,HV,0.499,10,100,11.0,0.0052,65.5,LA
2006-11-06 21:50:00,762488,7,10,W,HV,0.506,10,100,14.0,0.0083,64.6,LA
2006-11-06 21:50:00,762491,7,10,W,HV,0.425,10,100,16.0,0.011,64.3,LA
2006-11-06 21:50:00,762492,7,10,E,HV,0.42,10,100,18.0,0.0099,64.3,LA
2006-11-06 21:50:00,762494,7,10,W,HV,0.48,10,100,16.0,0.0094,64.7,LA
2006-11-06 21:50:00,762496,7,10,W,HV,0.5,10,100,15.0,0.0087,64.7,LA
2006-11-06 21:50:00,762498,7,10,W,HV,0.319,10,100,14.0,0.0071,65.0,LA
2006-11-06 21:50:00,762500,7,10,W,HV,0.441,10,100,12.0,0.006,65.0,LA
2006-11-06 21:50:00,762504,7,10,W,HV,0.48,20,100,28.0,0.0067,64.5,LA
2006-11-06 21:50:00,762517,7,405,N,HV,0.85,10,100,16.0,0.0095,64.0,LA
2006-11-06 21:50:00,762518,7,405,S,HV,0.75,10,100,15.0,0.0065,65.1,LA
2006-11-06 21:50:00,762520,7,405,N,HV,0.565,10,100,15.0,0.0063,65.0,LA
2006-11-06 21:50:00,762523,7,405,N,HV,0.675,10,100,15.0,0.0068,65.2,LA
2006-11-06 21:50:00,762526,7,405,N,HV,0.505,10,100,15.0,0.0069,65.2,LA
2006-11-06 21:50:00,762528,7,405,N,HV,0.175,10,100,12.0,0.0058,65.1,LA
2006-11-06 21:50:00,762531,7,405,N,HV,0.325,10,100,12.0,0.0055,64.9,LA
2006-11-06 21:50:00,762533,7,405,N,HV,0.447,10,100,10.0,0.0038,65.0,LA
2006-11-06 21:50:00,762538,7,405,N,HV,0.735,10,100,9.0,0.0048,64.2,LA
2006-11-06 21:50:00,762541,7,405,N,HV,0.725,9,100,7.0,0.0028,65.2,LA
2006-11-06 21:50:00,762543,7,405,N,HV,0.985,10,100,8.0,0.0038,64.9,LA
2006-11-06 21:50:00,762552,7,405,N,HV,0.43,10,100,12.0,0.0054,64.9,LA
2006-11-06 21:50:00,762553,7,405,S,HV,0.49,10,100,12.0,0.0054,65.0,LA
2006-11-06 21:50:00,762559,7,405,N,HV,0.41,10,100,9.0,0.0038,65.1,LA
2006-11-06 21:50:00,762561,7,405,N,HV,2.605,10,100,13.0,0.0056,65.0,LA
2006-11-06 21:50:00,762565,7,405,N,HV,0.45,10,100,8.0,0.0033,65.0,LA
2006-11-06 21:50:00,762567,7,405,N,HV,0.78,10,100,8.0,0.0032,65.0,LA
2006-11-06 21:50:00,762569,7,405,N,HV,0.86,10,100,11.0,0.0046,65.0,LA
2006-11-06 21:50:00,762571,7,405,N,HV,0.835,10,100,13.0,0.0062,64.8,LA
2006-11-06 21:50:00,762576,7,405,S,HV,0.45,10,100,18.0,0.0082,64.9,LA
2006-11-06 21:50:00,762578,7,405,S,HV,0.645,10,100,16.0,0.0072,64.8,LA
2006-11-06 21:50:00,762580,7,405,S,HV,0.475,10,100,14.0,0.0063,64.7,LA
2006-11-06 21:50:00,762582,7,405,S,HV,0.275,10,100,13.0,0.0051,42.6,LA
2006-11-06 21:50:00,762586,7,405,S,HV,0.507,10,100,14.0,0.0065,65.2,LA
2006-11-06 21:50:00,762592,7,405,S,HV,0.535,10,100,20.0,0.0091,64.9,LA
2006-11-06 21:50:00,762594,7,405,S,HV,0.705,10,100,17.0,0.0076,65.0,LA
2006-11-06 21:50:00,762596,7,405,S,HV,0.71,10,100,22.0,0.0104,64.8,LA
2006-11-06 21:50:00,762598,7,405,S,HV,0.93,10,100,16.0,0.0068,65.2,LA
2006-11-06 21:50:00,762602,7,405,S,HV,0.73,10,100,5.0,0.0021,64.9,LA
2006-11-06 21:50:00,762604,7,405,S,HV,0.595,10,100,4.0,0.0017,64.9,LA
2006-11-06 21:50:00,762606,7,405,S,HV,0.67,10,100,6.0,0.0024,64.9,LA
2006-11-06 21:50:00,762608,7,405,S,HV,2.488,10,100,5.0,0.002,65.0,LA
2006-11-06 21:50:00,762610,7,605,N,HV,0.245,10,100,7.0,0.0031,63.8,LA
2006-11-06 21:50:00,762612,7,605,N,HV,0.26,9,100,88.0,0.0455,63.6,LA
2006-11-06 21:50:00,762616,7,605,N,HV,0.585,9,100,11.0,0.0044,65.1,LA
2006-11-06 21:50:00,762619,7,605,N,HV,0.557,10,100,26.0,0.0104,65.0,LA
2006-11-06 21:50:00,762624,7,605,N,HV,0.324,10,100,26.0,0.0114,65.2,LA
2006-11-06 21:50:00,762627,7,605,N,HV,0.291,10,100,23.0,0.0097,65.1,LA
2006-11-06 21:50:00,762631,7,605,N,HV,0.473,10,100,20.0,0.0083,64.5,LA
2006-11-06 21:50:00,762634,7,605,N,HV,0.562,10,100,17.0,0.007,65.1,LA
2006-11-06 21:50:00,762637,7,605,N,HV,0.26,10,100,15.0,0.007,64.9,LA
2006-11-06 21:50:00,762643,7,605,N,HV,1.201,10,100,8.0,0.0034,65.0,LA
2006-11-06 21:50:00,762645,7,605,N,HV,2.568,10,100,8.0,0.0169,59.5,LA
2006-11-06 21:50:00,762648,7,605,S,HV,0.535,10,100,9.0,0.0037,64.7,LA
2006-11-06 21:50:00,762649,7,605,N,HV,0.54,10,100,8.0,0.0031,65.1,LA
2006-11-06 21:50:00,762655,7,605,S,HV,0.225,10,100,6.0,0.0034,63.4,LA
2006-11-06 21:50:00,762657,7,605,S,HV,0.275,10,100,7.0,0.0032,61.2,LA
2006-11-06 21:50:00,762659,7,605,S,HV,0.275,10,100,10.0,0.0046,65.0,LA
2006-11-06 21:50:00,762661,7,605,S,HV,0.29,10,100,4.0,0.0025,65.0,LA
2006-11-06 21:50:00,762663,7,605,S,HV,0.52,10,100,10.0,0.0049,65.1,LA
2006-11-06 21:50:00,762665,7,605,S,HV,0.632,10,100,8.0,0.0042,65.0,LA
2006-11-06 21:50:00,762667,7,605,S,HV,0.705,10,100,9.0,0.0041,64.9,LA
2006-11-06 21:50:00,762671,7,605,S,HV,0.58,10,100,16.0,0.007,65.0,LA
2006-11-06 21:50:00,762673,7,605,S,HV,0.305,10,100,16.0,0.0069,64.9,LA
2006-11-06 21:50:00,762675,7,605,S,HV,0.307,10,100,17.0,0.0073,65.0,LA
2006-11-06 21:50:00,762678,7,605,S,HV,0.453,10,100,12.0,0.0056,64.7,LA
2006-11-06 21:50:00,762679,7,605,N,HV,0.5,10,100,28.0,0.0137,64.2,LA
2006-11-06 21:50:00,762681,7,605,S,HV,0.455,10,100,13.0,0.0058,64.1,LA
2006-11-06 21:50:00,762685,7,605,S,HV,0.385,10,100,10.0,0.0041,65.1,LA
2006-11-06 21:50:00,762686,7,605,N,HV,0.385,10,100,20.0,0.0085,65.1,LA
2006-11-06 21:50:00,762688,7,605,S,HV,0.26,10,100,4.0,0.002,62.9,LA
2006-11-06 21:50:00,763243,7,110,S,HV,1.06,20,100,73.0,0.018,65.8,LA
2006-11-06 21:50:00,763246,7,110,S,ML,0.315,40,100,377.0,0.0598,70.1,LA
2006-11-06 21:50:00,763251,7,110,S,ML,0.745,40,75,401.0,0.0596,66.2,LA
2006-11-06 21:50:00,763256,7,110,S,HV,1.22,20,100,52.0,0.0103,65.1,LA
2006-11-06 21:50:00,763259,7,110,S,ML,0.765,40,100,438.0,0.0648,60.7,LA
2006-11-06 21:50:00,763272,7,110,S,HV,0.485,18,100,45.0,0.0092,65.0,LA
2006-11-06 21:50:00,763275,7,110,S,ML,0.6,36,100,327.0,0.0475,62.8,LA
2006-11-06 21:50:00,763280,7,110,N,HV,0.555,18,100,38.0,0.0087,63.2,LA
2006-11-06 21:50:00,763283,7,110,S,HV,0.35,20,100,42.0,0.0098,63.6,LA
2006-11-06 21:50:00,763286,7,110,S,ML,0.35,40,100,368.0,0.0547,65.0,LA
2006-11-06 21:50:00,763291,7,110,S,HV,1.355,20,100,48.0,0.0278,58.6,LA
2006-11-06 21:50:00,763294,7,110,S,ML,0.4,40,100,417.0,0.0584,71.4,LA
2006-11-06 21:50:00,763299,7,110,S,ML,0.42,40,100,191.0,0.0245,70.5,LA
2006-11-06 21:50:00,763304,7,110,N,ML,0.58,40,100,190.0,0.026,69.6,LA
2006-11-06 21:50:00,763336,7,10,E,ML,0.285,40,100,331.0,0.0417,70.4,LA
2006-11-06 21:50:00,763354,7,110,N,ML,0.51,54,33,285.0,0.0343,66.3,LA
2006-11-06 21:50:00,763372,7,110,N,ML,0.345,40,100,190.0,0.0258,70.6,LA
2006-11-06 21:50:00,763377,7,110,S,ML,0.775,50,67,383.0,0.0357,68.7,LA
2006-11-06 21:50:00,763384,7,110,N,ML,0.43,40,75,347.0,0.0648,63.8,LA
2006-11-06 21:50:00,763389,7,110,N,HV,2.57,20,100,51.0,0.0123,65.0,LA
2006-11-06 21:50:00,763392,7,110,N,ML,0.33,40,100,336.0,0.0522,69.1,LA
2006-11-06 21:50:00,763397,7,110,N,HV,0.35,20,100,52.0,0.0188,59.5,LA
2006-11-06 21:50:00,763400,7,110,N,ML,0.625,40,100,318.0,0.0512,67.5,LA
2006-11-06 21:50:00,763405,7,110,N,HV,0.55,18,100,64.0,0.0167,59.3,LA
2006-11-06 21:50:00,763408,7,110,N,ML,0.83,35,100,319.0,0.0427,60.4,LA
2006-11-06 21:50:00,763413,7,110,S,HV,0.39,18,100,42.0,0.0095,63.4,LA
2006-11-06 21:50:00,763416,7,110,N,HV,0.42,20,100,190.0,0.041,61.1,LA
2006-11-06 21:50:00,763419,7,110,N,ML,0.42,40,100,345.0,0.0407,69.4,LA
2006-11-06 21:50:00,763424,7,110,N,ML,0.595,40,100,446.0,0.0739,64.3,LA
2006-11-06 21:50:00,763429,7,110,N,ML,0.415,40,100,236.0,0.036,64.1,LA
2006-11-06 21:50:00,763434,7,110,N,ML,0.42,39,100,286.0,0.0479,59.8,LA
2006-11-06 21:50:00,763439,7,110,N,ML,0.565,40,75,354.0,0.0765,57.0,LA
2006-11-06 21:50:00,763447,7,110,S,ML,0.4,40,80,423.0,0.0439,68.4,LA
2006-11-06 21:50:00,763453,7,10,E,ML,0.65,40,100,402.0,0.0689,67.3,LA
2006-11-06 21:50:00,763458,7,10,E,ML,0.595,50,100,455.0,0.0644,73.0,LA
2006-11-06 21:50:00,763464,7,605,N,HV,0.24,10,100,6.0,0.0025,65.0,LA
2006-11-06 21:50:00,763466,7,91,W,HV,0.445,10,100,4.0,0.0015,65.1,LA
2006-11-06 21:50:00,763475,7,605,S,HV,0.55,10,100,9.0,0.0043,65.0,LA
2006-11-06 21:50:00,763485,7,10,W,ML,0.58,40,100,230.0,0.0408,69.8,LA
2006-11-06 21:50:00,763498,7,110,N,ML,0.785,30,100,67.0,0.0152,68.0,LA
2006-11-06 21:50:00,763502,7,110,N,ML,0.865,39,100,80.0,0.0123,67.3,LA
2006-11-06 21:50:00,763507,7,110,N,ML,0.665,40,100,83.0,0.0156,65.3,LA
2006-11-06 21:50:00,763517,7,110,N,ML,0.715,40,100,155.0,0.0249,69.7,LA
2006-11-06 21:50:00,763522,7,110,N,ML,0.73,39,100,179.0,0.0313,65.0,LA
2006-11-06 21:50:00,763527,7,110,N,ML,1.19,40,100,194.0,0.0289,69.5,LA
2006-11-06 21:50:00,763551,7,57,N,HV,2.677,10,100,41.0,0.0261,68.1,LA
2006-11-06 21:50:00,763553,7,57,N,ML,1.112,40,100,254.0,0.03,69.6,LA
2006-11-06 21:50:00,763558,7,57,N,ML,1.38,40,100,229.0,0.0323,69.3,LA
2006-11-06 21:50:00,763563,7,57,N,ML,0.54,40,100,207.0,0.0297,66.4,LA
2006-11-06 21:50:00,763568,7,57,N,ML,0.57,46,40,316.0,0.0391,59.8,LA
2006-11-06 21:50:00,763573,7,57,S,ML,0.664,40,100,126.0,0.0176,73.5,LA
2006-11-06 21:50:00,763578,7,57,S,ML,0.618,39,100,124.0,0.0173,69.7,LA
2006-11-06 21:50:00,763583,7,57,S,ML,1.486,30,100,146.0,0.0275,74.4,LA
2006-11-06 21:50:00,763602,7,91,E,HV,0.45,10,100,1.0,0.0003,65.0,LA
2006-11-06 21:50:00,763604,7,91,E,HV,2.688,10,100,6.0,0.0028,65.1,LA
2006-11-06 21:50:00,763606,7,134,E,HV,1.765,10,100,16.0,0.0078,64.8,LA
2006-11-06 21:50:00,763608,7,134,E,HV,0.83,10,100,14.0,0.0068,64.9,LA
2006-11-06 21:50:00,763610,7,134,W,HV,0.645,10,100,3.0,0.0015,64.9,LA
2006-11-06 21:50:00,763612,7,134,W,HV,1.755,10,100,3.0,0.0013,65.2,LA
2006-11-06 21:50:00,763616,7,605,S,ML,1.0,40,100,112.0,0.0165,64.8,LA
2006-11-06 21:50:00,763621,7,110,S,ML,0.51,35,100,212.0,0.0393,60.2,LA
2006-11-06 21:50:00,763626,7,110,N,ML,0.63,40,100,209.0,0.041,60.3,LA
2006-11-06 21:50:00,763649,7,57,S,ML,0.6,40,50,206.0,0.0282,66.9,LA
2006-11-06 21:50:00,763663,7,110,N,ML,0.75,50,100,202.0,0.0219,69.9,LA
2006-11-06 21:50:00,763679,7,605,S,HV,0.56,10,100,8.0,0.0037,64.7,LA
2006-11-06 21:50:00,763695,7,10,E,ML,0.46,50,80,333.0,0.0445,64.5,LA
2006-11-06 21:50:00,763706,7,5,S,ML,0.505,30,67,230.0,0.0485,68.0,LA
2006-11-06 21:50:00,763710,7,105,W,HV,0.75,10,100,12.0,0.0058,65.3,LA
2006-11-06 21:50:00,763712,7,105,W,ML,0.1,30,100,219.0,0.0358,71.3,LA
2006-11-06 21:50:00,763716,7,105,W,HV,0.45,10,100,26.0,0.0115,65.5,LA
2006-11-06 21:50:00,763720,7,110,N,ML,0.405,40,100,187.0,0.0256,69.1,LA
2006-11-06 21:50:00,763731,7,10,W,ML,0.451,40,100,248.0,0.0394,72.6,LA
2006-11-06 21:50:00,763748,7,5,S,ML,0.3,30,100,175.0,0.0592,61.8,LA
2006-11-06 21:50:00,763963,7,10,E,ML,0.25,40,100,382.0,0.048,69.3,LA
2006-11-06 21:50:00,763985,7,5,N,ML,0.635,40,100,338.0,0.0565,71.4,LA
2006-11-06 21:50:00,763990,7,5,S,ML,0.59,40,100,338.0,0.044,78.4,LA
2006-11-06 21:50:00,764019,7,605,S,HV,0.25,9,100,12.0,0.0073,65.1,LA
2006-11-06 21:50:00,764021,7,605,S,ML,0.25,36,100,261.0,0.0449,68.7,LA
2006-11-06 21:50:00,764032,7,110,N,ML,0.68,50,100,575.0,0.0562,80.3,LA
2006-11-06 21:50:00,764037,7,110,S,ML,0.68,50,100,587.0,0.0551,79.4,LA
2006-11-06 21:50:00,764072,7,118,E,ML,0.405,28,67,100.0,0.0391,52.2,LA
2006-11-06 21:50:00,764076,7,118,W,ML,0.39,30,100,101.0,0.0205,65.6,LA
2006-11-06 21:50:00,764101,7,170,S,ML,2.696,30,50,222.0,0.0357,65.6,LA
2006-11-06 21:50:00,764106,7,170,N,ML,0.67,40,50,298.0,0.0697,59.5,LA
2006-11-06 21:50:00,764115,7,170,N,ML,0.795,40,100,257.0,0.0353,69.9,LA
2006-11-06 21:50:00,764125,7,10,E,ML,0.065,30,100,197.0,0.0364,66.2,LA
2006-11-06 21:50:00,764130,7,10,E,ML,0.215,40,75,257.0,0.0424,62.9,LA
2006-11-06 21:50:00,764137,7,210,W,ML,0.36,60,100,421.0,0.0508,59.7,LA
2006-11-06 21:50:00,764144,7,210,W,HV,0.515,10,100,9.0,0.0057,64.9,LA
2006-11-06 21:50:00,764146,7,210,W,ML,0.515,40,100,195.0,0.0453,66.2,LA
2006-11-06 21:50:00,764177,7,118,W,ML,0.43,30,100,118.0,0.0224,68.2,LA
2006-11-06 21:50:00,764181,7,118,E,ML,0.49,30,100,106.0,0.0217,67.0,LA
2006-11-06 21:50:00,764193,7,118,E,ML,0.47,30,67,166.0,0.0379,65.1,LA
2006-11-06 21:50:00,764197,7,118,W,ML,0.405,30,100,97.0,0.021,67.0,LA
2006-11-06 21:50:00,764201,7,10,W,ML,0.425,40,100,320.0,0.0535,69.0,LA
2006-11-06 21:50:00,764206,7,10,W,ML,0.475,40,75,255.0,0.0447,67.0,LA
2006-11-06 21:50:00,764211,7,10,E,ML,0.595,50,100,303.0,0.0405,68.3,LA
2006-11-06 21:50:00,764217,7,10,E,ML,0.513,40,100,355.0,0.0659,72.2,LA
2006-11-06 21:50:00,764222,7,10,E,ML,0.49,40,100,352.0,0.0474,69.9,LA
2006-11-06 21:50:00,764227,7,10,W,ML,0.44,40,100,267.0,0.0344,72.4,LA
2006-11-06 21:50:00,764232,7,5,N,ML,0.4,29,100,163.0,0.0394,63.3,LA
2006-11-06 21:50:00,764236,7,5,N,ML,0.535,40,50,342.0,0.0494,68.5,LA
2006-11-06 21:50:00,764262,7,14,N,ML,2.662,30,100,217.0,0.0372,65.8,LA
2006-11-06 21:50:00,764267,7,14,N,HV,0.965,10,100,24.0,0.0147,64.9,LA
2006-11-06 21:50:00,764269,7,14,N,ML,0.965,30,100,239.0,0.0383,70.6,LA
2006-11-06 21:50:00,764288,7,14,S,HV,0.83,10,100,11.0,0.0052,65.1,LA
2006-11-06 21:50:00,764290,7,14,S,ML,0.83,30,67,108.0,0.0223,67.4,LA
2006-11-06 21:50:00,764297,7,14,S,ML,1.3,30,100,83.0,0.0169,68.3,LA
2006-11-06 21:50:00,764302,7,14,N,HV,1.42,10,100,49.0,0.0176,66.0,LA
2006-11-06 21:50:00,764304,7,14,N,ML,1.42,30,100,236.0,0.0369,70.3,LA
2006-11-06 21:50:00,764417,7,5,S,ML,0.25,40,100,250.0,0.0377,67.9,LA
2006-11-06 21:50:00,764424,7,170,N,ML,0.6,40,75,264.0,0.0451,59.2,LA
2006-11-06 21:50:00,764425,7,91,W,ML,0.698,18,67,72.0,0.0173,64.3,LA
2006-11-06 21:50:00,764430,7,170,N,ML,0.606,18,100,179.0,0.0515,70.4,LA
2006-11-06 21:50:00,764435,7,5,N,ML,0.36,40,100,314.0,0.0545,67.2,LA
2006-11-06 21:50:00,764556,7,405,S,HV,0.815,10,100,20.0,0.0096,65.2,LA
2006-11-06 21:50:00,764565,7,405,N,HV,0.58,10,100,12.0,0.0058,64.2,LA
2006-11-06 21:50:00,764578,7,405,S,ML,0.39,40,100,334.0,0.0533,63.6,LA
2006-11-06 21:50:00,764583,7,405,N,ML,0.39,40,75,300.0,0.0388,66.6,LA
2006-11-06 21:50:00,764588,7,405,S,HV,2.555,10,100,9.0,0.0045,64.8,LA
2006-11-06 21:50:00,764590,7,405,S,ML,0.143,50,100,254.0,0.025,69.9,LA
2006-11-06 21:50:00,764604,7,405,S,ML,0.33,40,100,269.0,0.0344,69.6,LA
2006-11-06 21:50:00,764609,7,405,S,HV,0.52,10,100,13.0,0.0058,65.0,LA
2006-11-06 21:50:00,764615,7,405,S,HV,0.47,10,100,5.0,0.0024,63.3,LA
2006-11-06 21:50:00,764617,7,101,N,ML,0.95,40,75,201.0,0.0277,70.2,LA
2006-11-06 21:50:00,764632,7,101,S,ML,0.56,39,100,163.0,0.0235,66.1,LA
2006-11-06 21:50:00,764637,7,101,S,ML,0.515,40,75,174.0,0.034,66.3,LA
2006-11-06 21:50:00,764641,7,101,S,ML,0.65,40,100,146.0,0.0234,67.4,LA
2006-11-06 21:50:00,764665,7,405,S,HV,0.26,10,100,12.0,0.0034,65.1,LA
2006-11-06 21:50:00,764667,7,405,N,HV,0.415,10,100,14.0,0.0097,64.8,LA
2006-11-06 21:50:00,764671,7,405,S,ML,0.505,40,100,395.0,0.0874,57.8,LA
2006-11-06 21:50:00,764676,7,405,N,HV,0.285,10,100,6.0,0.0026,64.5,LA
2006-11-06 21:50:00,764754,7,405,S,ML,0.425,50,100,291.0,0.0379,69.6,LA
2006-11-06 21:50:00,764760,7,101,N,ML,0.19,49,100,342.0,0.0398,60.6,LA
2006-11-06 21:50:00,764766,7,101,S,ML,0.365,49,100,258.0,0.0247,67.7,LA
2006-11-06 21:50:00,764781,7,101,S,ML,0.907,40,100,391.0,0.0436,75.2,LA
2006-11-06 21:50:00,764794,7,101,N,ML,0.695,40,100,237.0,0.0326,68.4,LA
2006-11-06 21:50:00,764803,7,101,N,ML,0.93,40,100,213.0,0.0295,67.5,LA
2006-11-06 21:50:00,764808,7,101,N,ML,0.425,50,100,216.0,0.0219,71.6,LA
2006-11-06 21:50:00,764819,7,101,N,ML,1.115,40,100,196.0,0.0287,66.9,LA
2006-11-06 21:50:00,764824,7,101,S,ML,0.625,40,100,106.0,0.0147,68.3,LA
2006-11-06 21:50:00,764829,7,101,N,ML,1.23,40,100,148.0,0.0218,68.5,LA
2006-11-06 21:50:00,764834,7,101,S,ML,0.775,40,100,117.0,0.0162,69.1,LA
2006-11-06 21:50:00,764839,7,101,N,ML,1.0,30,100,186.0,0.0337,65.6,LA
2006-11-06 21:50:00,764848,7,101,S,ML,0.89,40,50,144.0,0.0191,68.2,LA
2006-11-06 21:50:00,764853,7,101,S,ML,2.625,40,100,302.0,0.047,65.1,LA
2006-11-06 21:50:00,764858,7,101,N,ML,0.239,30,100,628.0,0.0669,68.8,LA
2006-11-06 21:50:00,764863,7,101,N,ML,0.96,30,67,198.0,0.0416,61.8,LA
2006-11-06 21:50:00,764868,7,101,S,ML,0.545,40,100,118.0,0.0083,68.7,LA
2006-11-06 21:50:00,764874,7,101,S,ML,0.61,30,100,131.0,0.0202,67.3,LA
2006-11-06 21:50:00,764879,7,101,N,ML,0.585,30,100,175.0,0.0361,67.2,LA
2006-11-06 21:50:00,764885,7,101,S,ML,0.605,40,100,145.0,0.0215,66.2,LA
2006-11-06 21:50:00,764891,7,101,N,ML,0.54,40,100,172.0,0.0219,68.6,LA
2006-11-06 21:50:00,764900,7,101,N,ML,0.76,30,100,147.0,0.0276,65.0,LA
2006-11-06 21:50:00,764905,7,101,S,ML,2.3,30,100,93.0,0.0215,65.4,LA
2006-11-06 21:50:00,764910,7,101,N,ML,0.415,30,100,141.0,0.0258,67.4,LA
2006-11-06 21:50:00,764915,7,101,N,ML,1.475,40,100,170.0,0.0167,75.1,LA
2006-11-06 21:50:00,764949,7,101,N,ML,0.775,40,25,417.0,0.0703,62.4,LA
2006-11-06 21:50:00,764958,7,101,N,ML,0.54,36,100,226.0,0.0291,66.7,LA
2006-11-06 21:50:00,765098,7,10,E,ML,0.37,40,100,264.0,0.0364,62.5,LA
2006-11-06 21:50:00,765099,7,101,N,ML,0.225,60,100,393.0,0.0391,68.2,LA
2006-11-06 21:50:00,765101,7,101,N,ML,0.71,40,100,188.0,0.0255,76.6,LA
2006-11-06 21:50:00,765106,7,101,S,ML,0.82,20,67,150.0,0.0268,66.3,LA
2006-11-06 21:50:00,765150,7,101,S,ML,0.565,40,80,158.0,0.0222,68.5,LA
2006-11-06 21:50:00,765153,7,405,S,ML,0.645,40,100,318.0,0.0485,68.0,LA
2006-11-06 21:50:00,765164,7,101,N,ML,0.335,40,50,331.0,0.0473,67.5,LA
2006-11-06 21:50:00,765169,7,405,S,HV,0.83,10,100,10.0,0.0045,64.7,LA
2006-11-06 21:50:00,765171,7,405,S,ML,0.495,40,100,247.0,0.0386,65.6,LA
2006-11-06 21:50:00,765176,7,101,N,ML,0.31,50,100,340.0,0.0372,64.6,LA
2006-11-06 21:50:00,765182,7,101,N,ML,0.86,40,100,333.0,0.0456,64.9,LA
2006-11-06 21:50:00,765263,7,405,S,HV,0.29,10,100,7.0,0.0072,61.9,LA
2006-11-06 21:50:00,765265,7,405,S,ML,0.29,40,100,230.0,0.0348,68.6,LA
2006-11-06 21:50:00,765451,7,10,E,ML,0.45,40,100,436.0,0.0519,77.0,LA
2006-11-06 21:50:00,765456,7,60,W,ML,2.837,36,75,154.0,0.0386,60.1,LA
2006-11-06 21:50:00,765461,7,60,W,ML,0.494,40,100,140.0,0.0261,66.6,LA
2006-11-06 21:50:00,765467,7,91,E,ML,0.45,50,100,210.0,0.0264,71.2,LA
2006-11-06 21:50:00,765472,7,101,N,ML,0.6,40,100,189.0,0.0292,66.7,LA
2006-11-06 21:50:00,765476,7,105,E,ML,0.48,27,100,236.0,0.0482,57.0,LA
2006-11-06 21:50:00,765477,7,210,E,ML,0.462,40,100,292.0,0.0487,68.5,LA
2006-11-06 21:50:00,765501,7,605,S,ML,1.231,40,75,147.0,0.019,67.7,LA
2006-11-06 21:50:00,765508,7,10,E,HV,0.565,10,100,8.0,0.0044,65.2,LA
2006-11-06 21:50:00,765591,7,91,W,ML,0.36,40,100,173.0,0.0277,69.0,LA
2006-11-06 21:50:00,765604,7,170,N,ML,2.696,40,100,243.0,0.0347,66.4,LA
2006-11-06 21:50:00,765605,7,170,N,HV,2.696,10,100,11.0,0.0045,65.0,LA
2006-11-06 21:50:00,765608,7,170,N,HV,0.67,10,100,10.0,0.0043,64.9,LA
2006-11-06 21:50:00,765610,7,170,N,HV,0.6,10,100,9.0,0.0051,64.8,LA
2006-11-06 21:50:00,765612,7,170,N,HV,0.795,10,100,9.0,0.0042,64.9,LA
2006-11-06 21:50:00,765618,7,170,N,HV,0.606,9,100,20.0,0.0095,64.7,LA
2006-11-06 21:50:00,765793,7,91,W,HV,0.775,10,100,1.0,0.0005,66.9,LA
2006-11-06 21:50:00,766209,7,91,E,ML,0.58,50,100,368.0,0.0473,73.0,LA
2006-11-06 21:50:00,766210,7,91,E,HV,0.58,10,100,7.0,0.003,64.9,LA
2006-11-06 21:50:00,766211,7,91,W,ML,0.58,20,67,131.0,0.041,59.6,LA
2006-11-06 21:50:00,766212,7,91,W,HV,0.58,10,100,14.0,0.0061,64.8,LA
2006-11-06 21:50:00,766508,7,605,N,HV,0.41,9,100,2.0,0.001,65.0,LA
2006-11-06 21:50:00,766510,7,605,N,HV,0.3,9,100,6.0,0.0024,65.1,LA
2006-11-06 21:50:00,766512,7,605,N,HV,0.47,10,100,5.0,0.0018,65.2,LA
2006-11-06 21:50:00,766514,7,605,N,HV,0.325,10,100,3.0,0.0012,65.1,LA
2006-11-06 21:50:00,766516,7,605,N,HV,0.445,10,100,5.0,0.0019,64.8,LA
2006-11-06 21:50:00,766518,7,605,N,HV,0.445,10,100,6.0,0.0023,65.0,LA
2006-11-06 21:50:00,766520,7,605,N,HV,0.315,10,100,6.0,0.0026,63.0,LA
2006-11-06 21:50:00,766522,7,605,S,HV,2.114,10,100,13.0,0.0064,64.5,LA
2006-11-06 21:50:00,766525,7,605,S,HV,0.41,10,100,10.0,0.0058,65.0,LA
2006-11-06 21:50:00,766528,7,605,S,HV,0.305,10,100,8.0,0.0032,65.0,LA
2006-11-06 21:50:00,766530,7,605,S,HV,0.47,10,100,10.0,0.0036,65.0,LA
2006-11-06 21:50:00,766534,7,605,S,HV,0.445,10,100,9.0,0.0045,64.9,LA
2006-11-06 21:50:00,766536,7,605,S,HV,0.45,10,100,186.0,0.0703,56.7,LA
2006-11-06 21:50:00,766538,7,605,S,HV,0.315,10,100,6.0,0.0025,64.8,LA
2006-11-06 21:50:00,766554,7,91,W,HV,0.22,10,100,25.0,0.0107,64.8,LA
2006-11-06 21:50:00,766555,7,91,W,ML,0.22,39,100,181.0,0.0359,61.3,LA
2006-11-06 21:50:00,766584,7,60,E,HV,0.43,10,100,18.0,0.0078,65.2,LA
2006-11-06 21:50:00,766585,7,60,E,ML,0.43,40,100,235.0,0.0412,70.1,LA
2006-11-06 21:50:00,766586,7,60,W,HV,0.342,10,100,10.0,0.0047,65.0,LA
2006-11-06 21:50:00,766587,7,60,W,ML,0.342,40,100,125.0,0.0262,68.6,LA
2006-11-06 21:50:00,766599,7,60,E,HV,0.305,10,100,20.0,0.0094,64.6,LA
2006-11-06 21:50:00,766600,7,60,E,ML,0.305,40,100,233.0,0.0387,68.4,LA
2006-11-06 21:50:00,766601,7,60,W,HV,0.305,10,100,9.0,0.0071,64.9,LA
2006-11-06 21:50:00,766602,7,60,W,ML,0.305,40,100,125.0,0.0253,68.5,LA
2006-11-06 21:50:00,766619,7,60,E,HV,0.29,10,100,15.0,0.0069,63.9,LA
2006-11-06 21:50:00,766620,7,60,E,ML,0.29,39,100,177.0,0.0466,60.9,LA
2006-11-06 21:50:00,766621,7,60,W,HV,0.29,10,100,9.0,0.0039,65.0,LA
2006-11-06 21:50:00,766622,7,60,W,ML,0.29,40,100,90.0,0.0181,68.5,LA
2006-11-06 21:50:00,766641,7,60,W,HV,0.27,10,100,7.0,0.003,65.0,LA
2006-11-06 21:50:00,766642,7,60,W,ML,0.27,40,100,88.0,0.0179,65.8,LA
2006-11-06 21:50:00,766644,7,60,E,ML,0.27,40,100,164.0,0.0426,62.7,LA
2006-11-06 21:50:00,766673,7,71,N,ML,2.831,20,100,59.0,0.0278,60.1,LA
2006-11-06 21:50:00,766694,7,14,N,ML,2.42,20,100,100.0,0.0321,65.2,LA
2006-11-06 21:50:00,766749,7,14,S,ML,4.2,20,100,57.0,0.0244,65.8,LA
2006-11-06 21:50:00,766758,7,14,N,ML,4.25,30,100,76.0,0.0317,67.7,LA
2006-11-06 21:50:00,766829,7,60,W,HV,0.494,10,100,10.0,0.0147,61.3,LA
2006-11-06 21:50:00,766843,7,60,E,ML,0.405,40,100,268.0,0.0476,67.7,LA
2006-11-06 21:50:00,766844,7,60,E,HV,0.405,10,100,22.0,0.0076,65.0,LA
2006-11-06 21:50:00,766851,7,605,N,ML,0.32,40,100,253.0,0.0344,63.7,LA
2006-11-06 21:50:00,766852,7,605,N,HV,0.32,10,100,6.0,0.0029,64.2,LA
2006-11-06 21:50:00,766873,7,105,W,HV,2.2,10,100,23.0,0.0208,64.5,LA
2006-11-06 21:50:00,766930,7,605,S,HV,1.099,10,100,1.0,0.0006,64.8,LA
2006-11-06 21:50:00,766936,7,605,S,HV,0.39,10,100,1.0,0.0005,64.8,LA
2006-11-06 21:50:00,766937,7,605,S,ML,0.39,40,75,217.0,0.0335,66.4,LA
2006-11-06 21:50:00,766954,7,405,S,HV,0.91,10,100,18.0,0.0095,64.7,LA
2006-11-06 21:50:00,766969,7,14,N,HV,2.42,10,100,40.0,0.0177,64.2,LA
2006-11-06 21:50:00,766971,7,170,S,HV,2.696,10,100,2.0,0.0009,65.0,LA
2006-11-06 21:50:00,766988,7,110,S,ML,0.675,40,100,226.0,0.0346,68.0,LA
2006-11-06 21:50:00,766996,7,14,S,HV,4.2,10,100,14.0,0.006,65.1,LA
2006-11-06 21:50:00,767053,7,405,S,ML,0.45,40,100,249.0,0.0314,67.8,LA
2006-11-06 21:50:00,767054,7,405,S,HV,0.45,10,100,9.0,0.0039,64.8,LA
2006-11-06 21:50:00,767166,7,71,N,ML,2.119,20,100,36.0,0.0149,64.2,LA
2006-11-06 21:50:00,767233,7,605,N,ML,0.56,30,100,198.0,0.0327,66.5,LA
2006-11-06 21:50:00,767234,7,605,N,HV,0.56,10,100,7.0,0.0036,65.0,LA
2006-11-06 21:50:00,767262,7,405,S,HV,0.165,10,100,16.0,0.0079,64.6,LA
2006-11-06 21:50:00,767321,7,605,N,HV,2.119,10,100,5.0,0.0017,65.2,LA
2006-11-06 21:50:00,767329,7,10,W,ML,0.539,40,100,263.0,0.0381,67.3,LA
2006-11-06 21:50:00,767350,7,405,S,ML,0.615,40,100,260.0,0.0348,65.6,LA
2006-11-06 21:50:00,767351,7,405,N,ML,0.575,38,75,299.0,0.1246,54.3,LA
2006-11-06 21:50:00,767352,7,405,S,HV,0.615,10,100,7.0,0.0029,64.8,LA
2006-11-06 21:50:00,767353,7,405,N,HV,0.575,10,100,8.0,0.0033,64.9,LA
2006-11-06 21:50:00,767366,7,405,S,ML,0.615,40,100,266.0,0.039,69.1,LA
2006-11-06 21:50:00,767367,7,405,N,ML,0.705,40,100,352.0,0.052,65.7,LA
2006-11-06 21:50:00,767368,7,405,S,HV,0.615,10,100,14.0,0.0088,65.2,LA
2006-11-06 21:50:00,767369,7,405,N,HV,0.705,10,100,13.0,0.0066,64.6,LA
2006-11-06 21:50:00,767523,7,2,E,ML,0.45,36,100,203.0,0.0263,77.2,LA
2006-11-06 21:50:00,767541,7,2,E,ML,0.45,36,100,220.0,0.0314,62.7,LA
2006-11-06 21:50:00,767635,7,60,E,ML,0.02,10,20,286.0,0.0347,72.6,LA
2006-11-06 21:50:00,767678,7,605,N,ML,0.793,40,100,134.0,0.0233,64.3,LA
2006-11-06 21:50:00,767759,7,110,S,ML,1.7,30,100,107.0,0.0223,70.5,LA
2006-11-06 21:50:00,767760,7,110,N,ML,1.7,30,100,148.0,0.0285,68.3,LA
2006-11-06 21:50:00,767790,7,14,S,ML,5.0,30,100,45.0,0.0203,60.0,LA
2006-11-06 21:50:00,767791,7,14,N,ML,5.0,20,100,73.0,0.0258,70.1,LA
2006-11-06 21:50:00,767801,7,101,S,ML,5.0,29,100,88.0,0.0222,64.9,LA
2006-11-06 21:50:00,767810,7,101,N,ML,5.0,30,100,115.0,0.0241,68.3,LA
2006-11-06 21:50:00,767811,7,101,S,ML,5.0,30,100,135.0,0.0282,68.2,LA
2006-11-06 21:50:00,767838,7,105,E,ML,0.65,30,100,150.0,0.0419,64.4,LA
2006-11-06 21:50:00,767839,7,105,E,HV,0.65,10,100,37.0,0.0235,63.4,LA
2006-11-06 21:50:00,767847,7,405,S,HV,0.24,10,100,11.0,0.005,64.9,LA
2006-11-06 21:50:00,767857,7,105,E,ML,0.03,30,100,188.0,0.0317,68.5,LA
2006-11-06 21:50:00,767859,7,105,E,HV,0.03,10,100,37.0,0.0158,64.8,LA
2006-11-06 21:50:00,767868,7,105,E,ML,0.295,30,100,186.0,0.0288,70.9,LA
2006-11-06 21:50:00,767870,7,105,E,HV,0.295,10,100,36.0,0.0144,65.6,LA
2006-11-06 21:50:00,767882,7,210,E,HV,1.65,10,100,20.0,0.0095,65.0,LA
2006-11-06 21:50:00,767883,7,210,E,ML,1.65,30,100,175.0,0.0393,66.9,LA
2006-11-06 21:50:00,767895,7,210,E,HV,0.6,10,100,17.0,0.007,65.2,LA
2006-11-06 21:50:00,767896,7,210,E,ML,0.6,30,100,185.0,0.0766,59.2,LA
2006-11-06 21:50:00,767897,7,210,W,HV,1.9,10,100,10.0,0.0046,64.9,LA
2006-11-06 21:50:00,767898,7,210,W,ML,1.9,30,100,109.0,0.027,67.5,LA
2006-11-06 21:50:00,767909,7,210,W,HV,0.65,10,100,9.0,0.0047,64.3,LA
2006-11-06 21:50:00,767910,7,210,W,ML,0.65,30,100,90.0,0.0247,64.6,LA
2006-11-06 21:50:00,767924,7,210,E,HV,0.65,10,100,9.0,0.0059,64.0,LA
2006-11-06 21:50:00,767925,7,210,E,ML,0.65,30,100,166.0,0.0366,64.7,LA
2006-11-06 21:50:00,767939,7,210,W,HV,0.85,10,100,11.0,0.0053,64.9,LA
2006-11-06 21:50:00,767940,7,210,W,ML,0.85,40,100,96.0,0.016,69.9,LA
2006-11-06 21:50:00,767941,7,210,E,HV,0.74,10,100,17.0,0.0087,64.9,LA
2006-11-06 21:50:00,767942,7,210,E,ML,0.74,40,100,170.0,0.0241,69.5,LA
2006-11-06 21:50:00,767954,7,210,W,HV,0.6,10,100,55.0,0.1238,46.1,LA
2006-11-06 21:50:00,767955,7,210,W,ML,0.6,30,100,119.0,0.042,67.1,LA
2006-11-06 21:50:00,767969,7,210,E,HV,0.6,10,100,38.0,0.0382,61.4,LA
2006-11-06 21:50:00,767970,7,210,E,ML,0.6,39,100,162.0,0.0229,70.0,LA
2006-11-06 21:50:00,767983,7,210,E,HV,0.39,10,100,15.0,0.0069,65.0,LA
2006-11-06 21:50:00,767984,7,210,E,ML,0.39,40,100,188.0,0.0302,69.2,LA
2006-11-06 21:50:00,767985,7,210,W,HV,0.43,10,100,33.0,0.0118,65.0,LA
2006-11-06 21:50:00,767986,7,210,W,ML,0.43,30,100,93.0,0.022,67.3,LA
2006-11-06 21:50:00,767997,7,210,E,HV,0.5,10,100,17.0,0.0083,65.1,LA
2006-11-06 21:50:00,767998,7,210,E,ML,0.5,40,100,177.0,0.0278,68.0,LA
2006-11-06 21:50:00,767999,7,210,W,HV,0.5,10,100,16.0,0.0078,64.9,LA
2006-11-06 21:50:00,768000,7,210,W,ML,0.5,30,100,99.0,0.0113,68.8,LA
2006-11-06 21:50:00,768011,7,210,E,HV,0.52,10,100,15.0,0.0069,64.9,LA
2006-11-06 21:50:00,768012,7,210,E,ML,0.52,40,100,168.0,0.0226,68.8,LA
2006-11-06 21:50:00,768013,7,210,W,HV,0.52,10,100,16.0,0.0074,64.9,LA
2006-11-06 21:50:00,768014,7,210,W,ML,0.52,30,100,103.0,0.0245,68.2,LA
2006-11-06 21:50:00,768025,7,210,E,HV,0.425,10,100,15.0,0.0074,65.1,LA
2006-11-06 21:50:00,768026,7,210,E,ML,0.425,40,100,179.0,0.0295,66.4,LA
2006-11-06 21:50:00,768027,7,210,W,HV,0.47,10,100,148.0,0.0435,63.3,LA
2006-11-06 21:50:00,768028,7,210,W,ML,0.47,30,100,99.0,0.0194,69.0,LA
2006-11-06 21:50:00,768040,7,210,E,HV,0.475,10,100,15.0,0.0067,65.0,LA
2006-11-06 21:50:00,768041,7,210,E,ML,0.475,40,100,153.0,0.0147,70.1,LA
2006-11-06 21:50:00,768054,7,210,W,HV,0.43,10,100,17.0,0.0112,65.5,LA
2006-11-06 21:50:00,768055,7,210,W,ML,0.43,30,100,94.0,0.0172,69.7,LA
2006-11-06 21:50:00,768066,7,101,S,ML,0.39,60,100,315.0,0.0263,68.5,LA
2006-11-06 21:50:00,768222,7,91,W,ML,0.37,39,100,181.0,0.0347,61.5,LA
2006-11-06 21:50:00,768223,7,91,E,ML,0.4,39,75,230.0,0.0388,65.9,LA
2006-11-06 21:50:00,768228,7,91,W,HV,0.37,10,100,23.0,0.0106,64.2,LA
2006-11-06 21:50:00,768229,7,91,E,HV,0.4,10,100,10.0,0.0046,65.0,LA
2006-11-06 21:50:00,768230,7,2,W,ML,3.063,10,100,3.0,0.0017,66.6,LA
2006-11-06 21:50:00,768253,7,101,N,ML,0.855,40,100,289.0,0.034,71.9,LA
2006-11-06 21:50:00,768265,7,101,S,ML,0.605,40,100,148.0,0.0245,68.7,LA
2006-11-06 21:50:00,768283,7,210,E,ML,3.05,30,100,57.0,0.0173,68.9,LA
2006-11-06 21:50:00,768284,7,210,W,ML,3.05,30,100,85.0,0.0278,66.4,LA
2006-11-06 21:50:00,768297,7,210,E,ML,1.55,30,100,51.0,0.0154,67.2,LA
2006-11-06 21:50:00,768298,7,210,W,ML,1.55,30,100,75.0,0.0227,66.1,LA
2006-11-06 21:50:00,768304,7,10,E,HV,0.464,10,100,21.0,0.0097,65.4,LA
2006-11-06 21:50:00,768311,7,10,W,HV,0.577,10,100,25.0,0.01,64.5,LA
2006-11-06 21:50:00,768314,7,10,E,HV,0.513,10,100,32.0,0.0161,65.3,LA
2006-11-06 21:50:00,768315,7,10,W,HV,0.654,10,100,32.0,0.0145,65.6,LA
2006-11-06 21:50:00,768319,7,10,W,HV,0.47,10,100,19.0,0.0094,65.0,LA
2006-11-06 21:50:00,768320,7,10,E,HV,0.466,10,100,28.0,0.0131,64.9,LA
2006-11-06 21:50:00,768328,7,10,E,ML,0.424,40,100,329.0,0.0543,73.8,LA
2006-11-06 21:50:00,768329,7,10,E,HV,0.424,10,100,31.0,0.0141,65.0,LA
2006-11-06 21:50:00,768330,7,10,W,HV,0.427,10,100,20.0,0.0083,65.0,LA
2006-11-06 21:50:00,768339,7,10,W,ML,0.3,40,100,232.0,0.0329,70.9,LA
2006-11-06 21:50:00,768340,7,10,W,HV,0.304,10,100,18.0,0.0078,65.1,LA
2006-11-06 21:50:00,768341,7,10,E,HV,0.473,10,100,30.0,0.0135,65.1,LA
2006-11-06 21:50:00,768354,7,10,W,HV,0.277,10,100,16.0,0.0068,65.1,LA
2006-11-06 21:50:00,768357,7,10,W,HV,0.518,10,100,16.0,0.0059,65.2,LA
2006-11-06 21:50:00,768358,7,10,E,HV,0.65,10,100,33.0,0.0138,65.3,LA
2006-11-06 21:50:00,768360,7,10,E,HV,0.706,10,100,14.0,0.0066,64.5,LA
2006-11-06 21:50:00,768362,7,10,W,HV,0.837,10,100,6.0,0.0035,64.3,LA
2006-11-06 21:50:00,768426,7,10,E,HV,0.484,9,100,16.0,0.0167,61.1,LA
2006-11-06 21:50:00,768444,7,60,E,ML,1.588,50,100,348.0,0.0404,72.2,LA
2006-11-06 21:50:00,768469,7,101,N,ML,0.35,50,100,408.0,0.0406,75.0,LA
2006-11-06 21:50:00,768477,7,101,S,ML,0.595,30,67,188.0,0.0586,53.8,LA
2006-11-06 21:50:00,768618,7,405,S,HV,0.845,10,100,17.0,0.0069,65.0,LA
2006-11-06 21:50:00,768619,7,405,S,ML,0.845,40,100,367.0,0.0498,69.3,LA
2006-11-06 21:50:00,768694,7,10,E,ML,0.38,50,100,306.0,0.0333,74.4,LA
2006-11-06 21:50:00,768718,7,10,W,HV,0.246,10,100,80.0,0.0358,66.1,LA
2006-11-06 21:50:00,768724,7,10,W,HV,0.565,10,100,13.0,0.0099,63.2,LA
2006-11-06 21:50:00,768738,7,10,W,HV,0.629,7,100,7.0,0.0034,64.9,LA
2006-11-06 21:50:00,768741,7,10,W,HV,0.525,9,100,10.0,0.004,65.2,LA
2006-11-06 21:50:00,768743,7,10,E,HV,0.6,9,100,18.0,0.0092,64.7,LA
2006-11-06 21:50:00,768746,7,10,W,HV,0.316,9,100,7.0,0.0034,65.1,LA
2006-11-06 21:50:00,768751,7,10,E,HV,0.59,10,100,21.0,0.01,65.6,LA
2006-11-06 21:50:00,768752,7,10,W,HV,0.539,10,100,9.0,0.0045,64.9,LA
2006-11-06 21:50:00,768898,7,91,E,ML,0.27,40,100,327.0,0.1487,63.2,LA
2006-11-06 21:50:00,768907,7,91,W,ML,0.34,40,100,239.0,0.0688,59.0,LA
2006-11-06 21:50:00,768908,7,91,W,HV,0.63,10,100,4.0,0.0018,65.0,LA
2006-11-06 21:50:00,768909,7,91,E,HV,0.63,10,100,6.0,0.0029,64.9,LA
2006-11-06 21:50:00,768978,7,710,N,ML,0.464,45,100,283.0,0.0425,71.1,LA
2006-11-06 21:50:00,768984,7,710,N,ML,0.383,45,100,329.0,0.0395,75.9,LA
2006-11-06 21:50:00,769029,7,5,N,ML,0.4,50,100,132.0,0.0336,70.1,LA
2006-11-06 21:50:00,769030,7,5,S,ML,0.4,50,100,135.0,0.0278,74.1,LA
2006-11-06 21:50:00,769042,7,5,N,ML,0.3,40,100,145.0,0.0362,67.4,LA
2006-11-06 21:50:00,769043,7,5,S,ML,0.3,40,100,111.0,0.0276,71.2,LA
2006-11-06 21:50:00,769054,7,5,N,ML,0.88,40,100,121.0,0.0241,67.0,LA
2006-11-06 21:50:00,769055,7,5,S,ML,0.735,40,100,129.0,0.0306,71.4,LA
2006-11-06 21:50:00,769090,7,5,S,ML,1.095,38,100,116.0,0.0298,68.2,LA
2006-11-06 21:50:00,769105,7,10,W,ML,0.894,50,100,221.0,0.0264,73.2,LA
2006-11-06 21:55:00,715898,7,5,S,ML,0.43,30,100,208.0,0.0401,68.9,LA
2006-11-06 21:55:00,715915,7,5,N,ML,0.475,27,100,328.0,0.0635,66.0,LA
2006-11-06 21:55:00,715916,7,5,S,ML,0.41,36,100,323.0,0.0387,70.4,LA
2006-11-06 21:55:00,715922,7,5,S,ML,0.52,30,100,135.0,0.0322,66.2,LA
2006-11-06 21:55:00,715929,7,5,S,ML,0.47,40,100,302.0,0.0457,65.6,LA
2006-11-06 21:55:00,715930,7,5,N,ML,0.505,40,100,274.0,0.0438,67.2,LA
2006-11-06 21:55:00,715938,7,5,N,ML,0.545,40,100,293.0,0.0449,69.3,LA
2006-11-06 21:55:00,715944,7,5,N,ML,0.323,40,100,251.0,0.0333,70.8,LA
2006-11-06 21:55:00,715947,7,5,S,ML,0.495,30,100,269.0,0.0506,67.3,LA
2006-11-06 21:55:00,716026,7,210,E,HV,1.255,10,100,17.0,0.0074,64.9,LA
2006-11-06 21:55:00,716028,7,10,E,ML,0.306,30,100,166.0,0.0262,63.3,LA
2006-11-06 21:55:00,716067,7,10,E,ML,0.245,30,100,126.0,0.0197,70.2,LA
2006-11-06 21:55:00,716072,7,10,E,ML,0.28,60,100,405.0,0.0393,61.2,LA
2006-11-06 21:55:00,716075,7,10,E,ML,0.37,60,100,389.0,0.0309,67.3,LA
2006-11-06 21:55:00,716076,7,10,W,ML,0.37,60,100,296.0,0.0226,64.3,LA
2006-11-06 21:55:00,716078,7,10,E,ML,0.5,59,100,308.0,0.0316,67.3,LA
2006-11-06 21:55:00,716081,7,10,E,ML,0.19,40,75,368.0,0.04,67.9,LA
2006-11-06 21:55:00,716084,7,10,W,ML,0.11,40,100,175.0,0.0216,64.0,LA
2006-11-06 21:55:00,716088,7,10,W,ML,0.29,40,100,322.0,0.0384,74.1,LA
2006-11-06 21:55:00,716091,7,10,W,ML,0.495,40,100,269.0,0.0371,71.6,LA
2006-11-06 21:55:00,716092,7,10,E,ML,0.446,40,100,486.0,0.0439,78.1,LA
2006-11-06 21:55:00,716101,7,10,W,ML,0.38,40,100,270.0,0.0386,65.3,LA
2006-11-06 21:55:00,716126,7,10,E,ML,0.475,28,100,294.0,0.0364,68.7,LA
2006-11-06 21:55:00,716142,7,210,E,ML,1.255,39,100,241.0,0.04,67.7,LA
2006-11-06 21:55:00,716143,7,210,E,ML,1.85,40,100,133.0,0.022,61.0,LA
2006-11-06 21:55:00,716146,7,10,W,ML,0.5,43,80,334.0,0.059,69.5,LA
2006-11-06 21:55:00,716176,7,10,W,ML,0.39,50,80,256.0,0.0288,69.6,LA
2006-11-06 21:55:00,716187,7,10,E,ML,0.515,40,75,479.0,0.0564,78.1,LA
2006-11-06 21:55:00,716193,7,10,W,ML,0.515,40,100,285.0,0.0409,73.0,LA
2006-11-06 21:55:00,716213,7,60,E,ML,0.915,40,100,266.0,0.0329,71.7,LA
2006-11-06 21:55:00,716241,7,60,W,ML,0.64,40,100,276.0,0.0456,64.5,LA
2006-11-06 21:55:00,716253,7,60,W,ML,0.655,40,100,282.0,0.0397,74.4,LA
2006-11-06 21:55:00,716254,7,60,E,ML,0.64,40,100,373.0,0.0505,77.2,LA
2006-11-06 21:55:00,716272,7,91,E,ML,0.333,30,100,79.0,0.0312,59.4,LA
2006-11-06 21:55:00,716273,7,91,E,ML,0.525,30,100,100.0,0.0212,69.7,LA
2006-11-06 21:55:00,716295,7,91,W,ML,0.405,50,100,292.0,0.0354,69.2,LA
2006-11-06 21:55:00,716296,7,91,E,ML,0.53,50,100,336.0,0.0444,64.4,LA
2006-11-06 21:55:00,716311,7,91,W,ML,0.52,50,100,327.0,0.0332,75.9,LA
2006-11-06 21:55:00,716312,7,91,E,ML,0.52,60,100,300.0,0.0241,74.2,LA
2006-11-06 21:55:00,716328,7,101,S,ML,0.365,40,100,392.0,0.0542,65.1,LA
2006-11-06 21:55:00,716331,7,101,S,ML,0.355,40,100,379.0,0.0626,66.5,LA
2006-11-06 21:55:00,716337,7,101,N,ML,0.46,40,100,382.0,0.0524,70.1,LA
2006-11-06 21:55:00,716339,7,101,S,ML,0.525,40,100,300.0,0.0465,65.3,LA
2006-11-06 21:55:00,716390,7,101,S,ML,0.79,40,80,219.0,0.0282,66.8,LA
2006-11-06 21:55:00,716391,7,101,S,ML,0.76,39,100,158.0,0.0258,62.8,LA
2006-11-06 21:55:00,716402,7,105,W,ML,0.75,30,67,100.0,0.0291,63.9,LA
2006-11-06 21:55:00,716404,7,105,W,ML,0.35,30,100,171.0,0.0499,66.7,LA
2006-11-06 21:55:00,716405,7,105,W,ML,0.45,40,50,263.0,0.0573,64.9,LA
2006-11-06 21:55:00,716407,7,105,W,ML,0.65,30,67,155.0,0.0462,67.7,LA
2006-11-06 21:55:00,716409,7,105,W,ML,0.75,30,100,190.0,0.0582,68.7,LA
2006-11-06 21:55:00,716413,7,105,W,ML,0.6,40,100,290.0,0.0409,69.3,LA
2006-11-06 21:55:00,716414,7,105,E,ML,0.5,30,100,296.0,0.0615,60.3,LA
2006-11-06 21:55:00,716419,7,105,E,ML,0.55,40,100,341.0,0.0464,60.7,LA
2006-11-06 21:55:00,716421,7,105,E,ML,0.55,40,100,331.0,0.0495,58.0,LA
2006-11-06 21:55:00,716422,7,105,W,ML,0.5,40,100,208.0,0.0343,60.1,LA
2006-11-06 21:55:00,716426,7,105,W,ML,0.495,30,100,209.0,0.044,56.0,LA
2006-11-06 21:55:00,716427,7,105,E,ML,0.32,30,100,215.0,0.0403,60.0,LA
2006-11-06 21:55:00,716428,7,105,W,ML,0.55,30,100,178.0,0.0276,62.5,LA
2006-11-06 21:55:00,716431,7,105,E,ML,0.3,40,75,383.0,0.0618,61.0,LA
2006-11-06 21:55:00,716432,7,105,W,HV,0.3,10,100,30.0,0.0157,63.4,LA
2006-11-06 21:55:00,716433,7,105,E,ML,0.4,40,100,323.0,0.0232,63.6,LA
2006-11-06 21:55:00,716434,7,105,W,ML,0.3,40,100,371.0,0.0481,66.8,LA
2006-11-06 21:55:00,716437,7,105,W,ML,0.65,30,100,383.0,0.0658,63.5,LA
2006-11-06 21:55:00,716440,7,105,E,ML,0.6,20,33,301.0,0.0579,63.2,LA
2006-11-06 21:55:00,716442,7,105,E,ML,0.6,30,67,383.0,0.0698,72.2,LA
2006-11-06 21:55:00,716443,7,105,W,ML,0.45,30,100,366.0,0.0536,66.2,LA
2006-11-06 21:55:00,716448,7,105,W,ML,0.5,30,100,357.0,0.0722,68.9,LA
2006-11-06 21:55:00,716449,7,105,E,ML,0.65,40,100,408.0,0.0368,77.6,LA
2006-11-06 21:55:00,716450,7,105,W,ML,0.455,40,100,313.0,0.0414,65.5,LA
2006-11-06 21:55:00,716453,7,105,E,ML,0.305,30,100,210.0,0.0349,67.2,LA
2006-11-06 21:55:00,716456,7,105,E,ML,0.47,49,100,241.0,0.0354,62.0,LA
2006-11-06 21:55:00,716457,7,105,W,ML,0.55,50,100,369.0,0.0378,70.4,LA
2006-11-06 21:55:00,716459,7,105,W,ML,0.45,30,100,245.0,0.0467,64.4,LA
2006-11-06 21:55:00,716460,7,105,E,ML,0.4,30,100,307.0,0.067,54.4,LA
2006-11-06 21:55:00,716461,7,105,W,ML,0.35,30,100,261.0,0.0671,52.9,LA
2006-11-06 21:55:00,716466,7,105,E,ML,0.45,30,100,292.0,0.0599,56.1,LA
2006-11-06 21:55:00,716470,7,105,E,ML,0.665,40,100,287.0,0.0448,57.1,LA
2006-11-06 21:55:00,716481,7,110,S,ML,0.67,30,67,132.0,0.0275,65.3,LA
2006-11-06 21:55:00,716484,7,110,N,ML,0.77,50,100,259.0,0.0293,66.5,LA
2006-11-06 21:55:00,716485,7,110,S,ML,0.555,60,100,306.0,0.0256,67.9,LA
2006-11-06 21:55:00,716499,7,110,N,ML,0.39,36,100,296.0,0.0326,76.7,LA
2006-11-06 21:55:00,716500,7,110,S,ML,0.795,36,50,231.0,0.0349,65.7,LA
2006-11-06 21:55:00,716541,7,118,E,HV,2.71,10,100,0.0,0.0,65.1,LA
2006-11-06 21:55:00,716551,7,134,W,ML,0.906,40,100,140.0,0.014,70.7,LA
2006-11-06 21:55:00,716554,7,134,W,ML,0.355,40,100,258.0,0.0377,68.9,LA
2006-11-06 21:55:00,716626,7,405,S,ML,0.26,50,80,222.0,0.031,67.4,LA
2006-11-06 21:55:00,716674,7,405,S,ML,0.48,40,100,309.0,0.0427,68.0,LA
2006-11-06 21:55:00,716689,7,405,N,ML,0.385,40,100,287.0,0.0384,65.7,LA
2006-11-06 21:55:00,716694,7,405,N,ML,0.488,40,80,369.0,0.0403,68.5,LA
2006-11-06 21:55:00,716733,7,405,N,ML,1.11,50,100,490.0,0.0651,72.6,LA
2006-11-06 21:55:00,716739,7,405,N,ML,0.7,60,100,638.0,0.0595,62.5,LA
2006-11-06 21:55:00,716760,7,605,N,ML,0.47,40,75,283.0,0.0443,63.0,LA
2006-11-06 21:55:00,716775,7,605,S,ML,0.535,50,100,295.0,0.0346,70.6,LA
2006-11-06 21:55:00,716776,7,605,S,ML,0.56,40,75,234.0,0.0262,67.8,LA
2006-11-06 21:55:00,716788,7,605,N,ML,0.24,40,80,254.0,0.0296,68.8,LA
2006-11-06 21:55:00,716800,7,605,N,ML,0.557,40,100,348.0,0.0552,66.1,LA
2006-11-06 21:55:00,716810,7,605,S,ML,0.453,40,100,390.0,0.0794,65.4,LA
2006-11-06 21:55:00,716819,7,605,N,ML,0.473,37,50,389.0,0.081,63.6,LA
2006-11-06 21:55:00,716834,7,605,N,ML,1.201,40,100,304.0,0.0548,69.2,LA
2006-11-06 21:55:00,716841,7,605,N,ML,0.426,40,100,161.0,0.0203,68.6,LA
2006-11-06 21:55:00,716847,7,710,S,ML,0.97,40,100,169.0,0.0282,66.6,LA
2006-11-06 21:55:00,716857,7,710,S,ML,0.493,50,100,281.0,0.0348,70.4,LA
2006-11-06 21:55:00,716875,7,710,S,ML,0.519,40,100,201.0,0.0336,66.4,LA
2006-11-06 21:55:00,716895,7,5,S,ML,0.575,40,100,244.0,0.041,61.4,LA
2006-11-06 21:55:00,716896,7,5,N,ML,0.455,40,100,243.0,0.0333,69.3,LA
2006-11-06 21:55:00,716897,7,5,N,ML,0.105,30,100,223.0,0.0443,64.1,LA
2006-11-06 21:55:00,716899,7,5,N,ML,0.425,30,100,207.0,0.0384,71.3,LA
2006-11-06 21:55:00,716900,7,5,N,ML,0.46,30,33,217.0,0.0451,65.0,LA
2006-11-06 21:55:00,716901,7,5,S,ML,0.485,30,100,211.0,0.0487,72.0,LA
2006-11-06 21:55:00,716904,7,5,N,ML,0.385,30,100,214.0,0.0449,67.3,LA
2006-11-06 21:55:00,716906,7,5,S,ML,0.335,30,100,224.0,0.0508,68.1,LA
2006-11-06 21:55:00,716907,7,5,S,ML,0.41,30,100,215.0,0.0509,68.1,LA
2006-11-06 21:55:00,716908,7,5,S,ML,0.47,30,100,196.0,0.0463,56.5,LA
2006-11-06 21:55:00,716910,7,5,N,ML,0.315,29,100,218.0,0.0456,70.8,LA
2006-11-06 21:55:00,716911,7,5,S,ML,0.47,27,100,191.0,0.0425,68.8,LA
2006-11-06 21:55:00,716912,7,5,S,ML,0.305,27,100,246.0,0.0464,63.9,LA
2006-11-06 21:55:00,716913,7,5,N,ML,0.27,21,100,246.0,0.0507,69.5,LA
2006-11-06 21:55:00,716915,7,5,S,ML,0.3,40,100,221.0,0.0391,70.6,LA
2006-11-06 21:55:00,716916,7,5,S,ML,0.275,32,100,395.0,0.0708,69.8,LA
2006-11-06 21:55:00,716920,7,5,S,ML,0.415,40,100,286.0,0.039,67.6,LA
2006-11-06 21:55:00,716921,7,5,N,ML,0.415,40,100,238.0,0.0387,67.4,LA
2006-11-06 21:55:00,716928,7,5,S,ML,0.421,40,100,325.0,0.0476,70.6,LA
2006-11-06 21:55:00,716929,7,5,N,ML,0.421,40,100,266.0,0.0416,71.6,LA
2006-11-06 21:55:00,716930,7,5,S,ML,0.323,40,100,326.0,0.0396,70.0,LA
2006-11-06 21:55:00,716933,7,5,N,ML,0.565,50,80,320.0,0.0486,70.9,LA
2006-11-06 21:55:00,716934,7,5,S,ML,0.546,50,100,389.0,0.0489,70.3,LA
2006-11-06 21:55:00,716936,7,5,S,ML,0.4,50,100,386.0,0.0454,70.8,LA
2006-11-06 21:55:00,716937,7,5,N,ML,0.495,50,100,357.0,0.0465,77.6,LA
2006-11-06 21:55:00,716938,7,5,S,ML,0.835,20,100,129.0,0.037,70.0,LA
2006-11-06 21:55:00,716941,7,5,S,ML,0.39,29,50,176.0,0.0399,63.7,LA
2006-11-06 21:55:00,716942,7,5,N,ML,1.935,50,100,206.0,0.0246,71.8,LA
2006-11-06 21:55:00,716943,7,5,S,ML,0.43,30,100,137.0,0.0344,65.8,LA
2006-11-06 21:55:00,716946,7,5,S,ML,0.625,30,100,164.0,0.0649,54.5,LA
2006-11-06 21:55:00,716949,7,5,S,ML,0.57,40,60,206.0,0.0463,54.9,LA
2006-11-06 21:55:00,716951,7,5,N,ML,0.735,39,75,203.0,0.0385,64.3,LA
2006-11-06 21:55:00,716953,7,5,N,ML,0.465,50,100,349.0,0.0448,66.1,LA
2006-11-06 21:55:00,716955,7,5,S,ML,0.465,50,40,288.0,0.0382,71.1,LA
2006-11-06 21:55:00,716956,7,5,N,ML,0.55,45,100,212.0,0.0291,69.7,LA
2006-11-06 21:55:00,716958,7,5,S,ML,0.704,50,100,183.0,0.0502,51.7,LA
2006-11-06 21:55:00,716963,7,5,N,ML,0.36,40,100,229.0,0.0407,67.1,LA
2006-11-06 21:55:00,716965,7,5,S,ML,0.27,40,100,249.0,0.0401,66.6,LA
2006-11-06 21:55:00,716968,7,5,N,ML,0.315,40,100,246.0,0.0421,67.0,LA
2006-11-06 21:55:00,716971,7,5,N,ML,0.265,38,100,173.0,0.0308,66.2,LA
2006-11-06 21:55:00,716973,7,5,N,ML,0.435,40,100,246.0,0.0417,68.7,LA
2006-11-06 21:55:00,716977,7,5,S,ML,0.495,9,25,229.0,0.0403,64.7,LA
2006-11-06 21:55:00,716978,7,5,N,ML,0.71,40,75,310.0,0.0569,68.1,LA
2006-11-06 21:55:00,716979,7,5,S,ML,0.765,40,25,177.0,0.0392,62.9,LA
2006-11-06 21:55:00,716981,7,5,N,ML,0.72,38,75,189.0,0.044,60.1,LA
2006-11-06 21:55:00,716983,7,5,S,ML,0.795,40,100,179.0,0.0296,67.5,LA
2006-11-06 21:55:00,716985,7,5,N,ML,0.86,40,100,246.0,0.042,73.1,LA
2006-11-06 21:55:00,716986,7,5,S,ML,0.905,40,75,218.0,0.0525,63.4,LA
2006-11-06 21:55:00,716988,7,5,N,ML,1.155,40,100,278.0,0.0569,69.1,LA
2006-11-06 21:55:00,716989,7,5,S,ML,0.65,40,25,193.0,0.0685,57.5,LA
2006-11-06 21:55:00,716991,7,5,S,ML,0.505,40,25,195.0,0.0453,53.4,LA
2006-11-06 21:55:00,716993,7,5,S,ML,0.65,40,75,209.0,0.0363,57.8,LA
2006-11-06 21:55:00,716994,7,5,N,ML,0.51,40,50,314.0,0.0428,66.8,LA
2006-11-06 21:55:00,717000,7,5,N,ML,0.925,40,100,248.0,0.0398,69.4,LA
2006-11-06 21:55:00,717001,7,5,S,ML,0.84,40,100,223.0,0.0467,68.0,LA
2006-11-06 21:55:00,717004,7,5,S,ML,0.27,40,67,309.0,0.0333,68.2,LA
2006-11-06 21:55:00,717011,7,10,E,ML,0.28,50,100,389.0,0.035,71.1,LA
2006-11-06 21:55:00,717014,7,10,E,ML,0.325,40,100,363.0,0.0455,67.9,LA
2006-11-06 21:55:00,717015,7,10,W,ML,0.425,40,100,850.0,0.2002,45.6,LA
2006-11-06 21:55:00,717016,7,10,E,ML,0.23,40,100,326.0,0.0445,68.2,LA
2006-11-06 21:55:00,717047,7,10,W,ML,0.291,30,100,2.0,0.0003,64.1,LA
2006-11-06 21:55:00,717049,7,10,W,ML,0.125,30,100,1.0,0.0002,69.8,LA
2006-11-06 21:55:00,717055,7,10,W,ML,0.28,2,25,91.0,0.1114,56.1,LA
2006-11-06 21:55:00,717065,7,10,W,ML,0.19,40,100,243.0,0.0294,68.4,LA
2006-11-06 21:55:00,717071,7,10,W,ML,0.385,30,100,214.0,0.0331,78.0,LA
2006-11-06 21:55:00,717073,7,10,W,ML,0.395,39,100,186.0,0.0367,58.2,LA
2006-11-06 21:55:00,717075,7,10,E,ML,0.32,40,100,281.0,0.0477,56.5,LA
2006-11-06 21:55:00,717077,7,10,E,ML,0.235,39,50,324.0,0.0446,62.5,LA
2006-11-06 21:55:00,717081,7,10,W,ML,0.33,40,100,170.0,0.0386,55.3,LA
2006-11-06 21:55:00,717083,7,10,E,ML,0.195,40,100,324.0,0.0357,65.3,LA
2006-11-06 21:55:00,717084,7,10,E,ML,0.37,39,100,373.0,0.0586,62.3,LA
2006-11-06 21:55:00,717087,7,10,W,ML,0.33,39,100,234.0,0.0324,70.1,LA
2006-11-06 21:55:00,717089,7,10,E,ML,0.325,40,100,338.0,0.0426,76.2,LA
2006-11-06 21:55:00,717091,7,10,W,ML,0.18,40,100,225.0,0.0335,70.1,LA
2006-11-06 21:55:00,717093,7,10,E,ML,0.275,40,100,335.0,0.0468,69.4,LA
2006-11-06 21:55:00,717095,7,10,W,ML,0.29,40,100,304.0,0.0402,71.9,LA
2006-11-06 21:55:00,717097,7,10,E,ML,0.245,40,100,338.0,0.0374,69.3,LA
2006-11-06 21:55:00,717099,7,134,W,ML,1.025,40,100,221.0,0.0362,71.5,LA
2006-11-06 21:55:00,717101,7,10,W,ML,0.235,40,100,252.0,0.0354,69.2,LA
2006-11-06 21:55:00,717105,7,10,E,ML,0.26,40,100,225.0,0.0449,60.4,LA
2006-11-06 21:55:00,717108,7,10,W,ML,0.25,40,100,266.0,0.0382,70.7,LA
2006-11-06 21:55:00,717110,7,10,E,ML,0.255,40,100,325.0,0.0432,67.4,LA
2006-11-06 21:55:00,717112,7,10,W,ML,0.265,40,100,266.0,0.0341,69.1,LA
2006-11-06 21:55:00,717114,7,10,E,ML,0.25,40,100,325.0,0.0437,69.0,LA
2006-11-06 21:55:00,717116,7,10,W,ML,0.255,40,100,266.0,0.0328,69.4,LA
2006-11-06 21:55:00,717119,7,10,W,ML,0.246,40,100,188.0,0.0276,68.2,LA
2006-11-06 21:55:00,717121,7,10,W,ML,0.445,40,50,338.0,0.0446,72.5,LA
2006-11-06 21:55:00,717123,7,10,E,ML,0.45,40,100,340.0,0.047,72.7,LA
2006-11-06 21:55:00,717125,7,10,W,ML,0.309,28,100,255.0,0.0313,72.1,LA
2006-11-06 21:55:00,717127,7,10,E,ML,0.315,40,100,308.0,0.0461,70.7,LA
2006-11-06 21:55:00,717129,7,10,W,ML,0.17,40,100,212.0,0.0309,74.0,LA
2006-11-06 21:55:00,717135,7,10,W,ML,0.48,28,100,264.0,0.0256,68.0,LA
2006-11-06 21:55:00,717139,7,10,W,ML,0.465,28,100,281.0,0.0362,69.5,LA
2006-11-06 21:55:00,717140,7,10,E,HV,0.554,7,100,14.0,0.0072,64.8,LA
2006-11-06 21:55:00,717142,7,10,W,ML,0.625,28,100,258.0,0.0326,74.1,LA
2006-11-06 21:55:00,717143,7,605,N,ML,0.325,30,75,277.0,0.0408,66.6,LA
2006-11-06 21:55:00,717146,7,10,E,ML,0.71,28,100,276.0,0.04,72.9,LA
2006-11-06 21:55:00,717148,7,10,E,HV,0.71,7,100,16.0,0.0068,65.1,LA
2006-11-06 21:55:00,717150,7,10,W,ML,0.526,40,100,215.0,0.0206,74.3,LA
2006-11-06 21:55:00,717152,7,10,E,ML,0.6,24,100,207.0,0.0278,65.3,LA
2006-11-06 21:55:00,717154,7,10,W,ML,0.32,30,100,135.0,0.0179,64.0,LA
2006-11-06 21:55:00,717155,7,10,E,ML,0.59,40,100,267.0,0.0392,69.1,LA
2006-11-06 21:55:00,717156,7,10,E,ML,0.66,40,100,283.0,0.0398,69.1,LA
2006-11-06 21:55:00,717157,7,10,W,ML,0.66,40,100,233.0,0.0316,71.9,LA
2006-11-06 21:55:00,717158,7,10,E,HV,2.855,10,100,15.0,0.0075,63.2,LA
2006-11-06 21:55:00,717160,7,10,W,ML,0.455,40,100,298.0,0.0429,70.0,LA
2006-11-06 21:55:00,717162,7,10,W,ML,0.305,40,100,287.0,0.0382,70.6,LA
2006-11-06 21:55:00,717165,7,10,E,ML,1.08,40,100,306.0,0.0426,69.4,LA
2006-11-06 21:55:00,717167,7,10,W,ML,0.3,40,100,284.0,0.0425,71.7,LA
2006-11-06 21:55:00,717169,7,10,W,ML,0.575,36,75,279.0,0.0481,69.1,LA
2006-11-06 21:55:00,717171,7,10,W,ML,0.595,40,100,266.0,0.0439,70.2,LA
2006-11-06 21:55:00,717176,7,10,W,ML,0.45,40,75,213.0,0.0413,60.8,LA
2006-11-06 21:55:00,717179,7,10,E,ML,0.45,40,100,285.0,0.0445,68.8,LA
2006-11-06 21:55:00,717185,7,10,E,ML,0.3,20,100,252.0,0.0341,70.8,LA
2006-11-06 21:55:00,717187,7,10,W,ML,0.275,40,100,261.0,0.0444,69.8,LA
2006-11-06 21:55:00,717190,7,10,E,ML,0.27,40,100,231.0,0.0438,58.0,LA
2006-11-06 21:55:00,717192,7,10,W,ML,0.27,40,100,257.0,0.0401,69.7,LA
2006-11-06 21:55:00,717195,7,10,E,ML,0.332,39,75,242.0,0.0433,61.5,LA
2006-11-06 21:55:00,717196,7,10,W,ML,0.314,40,100,246.0,0.0387,68.5,LA
2006-11-06 21:55:00,717198,7,10,E,ML,0.27,40,100,291.0,0.0428,68.9,LA
2006-11-06 21:55:00,717200,7,10,W,ML,0.295,40,75,259.0,0.0425,66.8,LA
2006-11-06 21:55:00,717202,7,10,W,ML,0.26,40,100,260.0,0.0412,66.3,LA
2006-11-06 21:55:00,717205,7,10,E,ML,0.545,40,100,284.0,0.0571,63.1,LA
2006-11-06 21:55:00,717207,7,10,W,ML,0.245,40,100,254.0,0.0381,69.9,LA
2006-11-06 21:55:00,717209,7,10,W,ML,0.275,40,100,274.0,0.0453,69.2,LA
2006-11-06 21:55:00,717211,7,10,W,ML,0.235,40,75,264.0,0.0427,66.7,LA
2006-11-06 21:55:00,717214,7,10,E,ML,0.43,50,100,294.0,0.0331,71.2,LA
2006-11-06 21:55:00,717216,7,10,W,ML,0.41,30,75,212.0,0.0292,70.0,LA
2006-11-06 21:55:00,717219,7,10,E,ML,0.33,50,80,308.0,0.0335,70.4,LA
2006-11-06 21:55:00,717220,7,10,W,ML,0.33,40,100,259.0,0.0435,71.0,LA
2006-11-06 21:55:00,717224,7,10,W,ML,0.255,40,75,220.0,0.0333,68.4,LA
2006-11-06 21:55:00,717232,7,10,E,ML,0.39,50,100,329.0,0.0336,71.6,LA
2006-11-06 21:55:00,717235,7,10,W,ML,0.58,40,50,129.0,0.0178,68.7,LA
2006-11-06 21:55:00,717236,7,10,E,ML,0.58,50,80,201.0,0.0255,74.7,LA
2006-11-06 21:55:00,717243,7,10,E,ML,0.46,28,100,318.0,0.0501,71.3,LA
2006-11-06 21:55:00,717245,7,10,W,ML,0.655,40,75,366.0,0.0455,76.5,LA
2006-11-06 21:55:00,717246,7,10,W,ML,0.47,40,100,183.0,0.0337,63.1,LA
2006-11-06 21:55:00,717247,7,10,E,ML,0.471,40,100,250.0,0.0328,56.9,LA
2006-11-06 21:55:00,717249,7,10,W,ML,0.427,40,100,230.0,0.032,74.8,LA
2006-11-06 21:55:00,717251,7,10,E,ML,0.468,40,75,282.0,0.0544,66.2,LA
2006-11-06 21:55:00,717252,7,10,W,ML,0.278,40,100,245.0,0.0358,71.9,LA
2006-11-06 21:55:00,717257,7,10,E,ML,0.655,40,100,378.0,0.0544,72.7,LA
2006-11-06 21:55:00,717258,7,10,W,ML,0.845,40,100,231.0,0.0366,66.8,LA
2006-11-06 21:55:00,717260,7,10,E,ML,0.71,40,100,323.0,0.0553,66.6,LA
2006-11-06 21:55:00,717262,7,60,E,ML,1.214,30,100,293.0,0.0601,58.0,LA
2006-11-06 21:55:00,717263,7,60,W,ML,0.625,50,80,163.0,0.0203,70.6,LA
2006-11-06 21:55:00,717264,7,60,E,ML,0.765,50,100,220.0,0.0231,72.6,LA
2006-11-06 21:55:00,717265,7,60,E,ML,0.43,49,100,217.0,0.0237,69.4,LA
2006-11-06 21:55:00,717266,7,60,W,ML,0.495,50,100,166.0,0.0181,71.1,LA
2006-11-06 21:55:00,717268,7,60,E,ML,0.02,50,100,182.0,0.0341,63.3,LA
2006-11-06 21:55:00,717269,7,60,W,ML,0.47,50,100,181.0,0.0215,70.0,LA
2006-11-06 21:55:00,717270,7,60,W,ML,0.915,40,100,201.0,0.0196,71.2,LA
2006-11-06 21:55:00,717273,7,60,E,ML,0.742,50,100,286.0,0.0362,70.7,LA
2006-11-06 21:55:00,717274,7,60,W,ML,0.77,60,100,243.0,0.0189,70.8,LA
2006-11-06 21:55:00,717277,7,60,W,ML,0.295,50,100,236.0,0.0309,70.6,LA
2006-11-06 21:55:00,717279,7,60,E,ML,0.293,60,100,256.0,0.0235,71.2,LA
2006-11-06 21:55:00,717281,7,60,W,ML,1.535,50,100,246.0,0.0258,71.6,LA
2006-11-06 21:55:00,717282,7,60,W,ML,1.435,50,100,183.0,0.025,72.2,LA
2006-11-06 21:55:00,717285,7,60,E,ML,1.487,40,100,258.0,0.033,70.7,LA
2006-11-06 21:55:00,717288,7,60,W,ML,0.473,50,100,156.0,0.0225,69.1,LA
2006-11-06 21:55:00,717290,7,60,E,ML,0.373,40,100,262.0,0.0255,70.5,LA
2006-11-06 21:55:00,717292,7,60,E,ML,0.758,36,100,265.0,0.0196,69.5,LA
2006-11-06 21:55:00,717294,7,60,W,ML,0.773,45,100,192.0,0.0225,72.3,LA
2006-11-06 21:55:00,717296,7,60,E,ML,0.545,40,100,286.0,0.0459,71.5,LA
2006-11-06 21:55:00,717298,7,60,W,ML,0.48,45,100,227.0,0.0244,72.1,LA
2006-11-06 21:55:00,717300,7,60,W,ML,0.355,45,100,202.0,0.0231,71.7,LA
2006-11-06 21:55:00,717301,7,60,E,ML,0.335,50,100,300.0,0.0311,73.8,LA
2006-11-06 21:55:00,717318,7,60,E,ML,1.2,45,100,289.0,0.0466,60.4,LA
2006-11-06 21:55:00,717322,7,60,E,ML,0.57,40,100,284.0,0.0455,69.6,LA
2006-11-06 21:55:00,717327,7,60,W,ML,0.39,40,100,260.0,0.0275,69.7,LA
2006-11-06 21:55:00,717328,7,60,E,ML,0.325,40,100,277.0,0.0466,66.0,LA
2006-11-06 21:55:00,717332,7,60,E,ML,0.79,36,100,277.0,0.0448,71.3,LA
2006-11-06 21:55:00,717334,7,60,E,ML,0.205,40,100,290.0,0.0463,71.3,LA
2006-11-06 21:55:00,717337,7,60,W,ML,0.29,39,100,251.0,0.0379,66.1,LA
2006-11-06 21:55:00,717339,7,60,W,ML,0.585,40,75,202.0,0.0205,66.4,LA
2006-11-06 21:55:00,717342,7,60,W,ML,0.515,40,100,174.0,0.0222,65.9,LA
2006-11-06 21:55:00,717346,7,60,E,ML,0.46,39,100,219.0,0.0387,62.2,LA
2006-11-06 21:55:00,717350,7,60,W,ML,0.485,36,100,172.0,0.0315,61.0,LA
2006-11-06 21:55:00,717352,7,60,E,ML,0.54,36,100,204.0,0.0396,58.6,LA
2006-11-06 21:55:00,717355,7,60,W,ML,0.915,40,100,144.0,0.0198,63.3,LA
2006-11-06 21:55:00,717365,7,91,W,ML,0.495,27,75,181.0,0.0277,70.7,LA
2006-11-06 21:55:00,717367,7,91,E,ML,0.495,50,100,150.0,0.0166,69.2,LA
2006-11-06 21:55:00,717369,7,91,E,ML,0.325,40,100,187.0,0.0269,64.6,LA
2006-11-06 21:55:00,717373,7,91,E,ML,0.42,40,100,170.0,0.0287,64.2,LA
2006-11-06 21:55:00,717374,7,91,W,ML,0.415,40,100,148.0,0.0234,61.9,LA
2006-11-06 21:55:00,717375,7,91,W,ML,0.385,39,100,128.0,0.0226,67.8,LA
2006-11-06 21:55:00,717376,7,91,E,ML,0.385,40,100,123.0,0.0196,67.6,LA
2006-11-06 21:55:00,717378,7,91,W,ML,0.545,39,100,154.0,0.0341,63.3,LA
2006-11-06 21:55:00,717379,7,91,E,ML,0.545,40,100,249.0,0.0308,68.3,LA
2006-11-06 21:55:00,717380,7,91,W,ML,0.515,40,100,117.0,0.0173,69.8,LA
2006-11-06 21:55:00,717381,7,91,E,ML,0.51,40,100,225.0,0.0323,70.2,LA
2006-11-06 21:55:00,717383,7,91,E,ML,0.405,40,100,226.0,0.0317,68.1,LA
2006-11-06 21:55:00,717384,7,91,W,ML,0.405,30,100,118.0,0.0285,68.4,LA
2006-11-06 21:55:00,717385,7,91,E,HV,0.685,10,100,1.0,0.0026,63.0,LA
2006-11-06 21:55:00,717387,7,91,E,ML,0.45,36,100,243.0,0.037,70.2,LA
2006-11-06 21:55:00,717388,7,91,W,ML,0.45,36,100,126.0,0.0218,71.4,LA
2006-11-06 21:55:00,717392,7,91,W,ML,0.585,30,100,157.0,0.0325,64.3,LA
2006-11-06 21:55:00,717393,7,91,E,ML,0.585,30,100,165.0,0.0321,69.2,LA
2006-11-06 21:55:00,717410,7,91,W,ML,0.52,40,100,251.0,0.0393,66.6,LA
2006-11-06 21:55:00,717420,7,91,E,ML,0.37,50,100,277.0,0.0362,70.6,LA
2006-11-06 21:55:00,717421,7,91,W,ML,0.445,40,100,234.0,0.0411,69.8,LA
2006-11-06 21:55:00,717422,7,91,E,HV,0.37,10,100,4.0,0.0018,65.0,LA
2006-11-06 21:55:00,717424,7,91,W,ML,0.27,28,100,240.0,0.0367,69.0,LA
2006-11-06 21:55:00,717426,7,91,E,ML,0.34,50,100,244.0,0.0294,70.6,LA
2006-11-06 21:55:00,717428,7,91,W,ML,0.42,40,100,255.0,0.0452,57.6,LA
2006-11-06 21:55:00,717429,7,91,W,HV,0.42,6,100,15.0,0.1005,34.8,LA
2006-11-06 21:55:00,717431,7,91,E,ML,0.42,40,100,292.0,0.0514,67.9,LA
2006-11-06 21:55:00,717433,7,91,W,ML,0.27,40,100,283.0,0.0372,68.4,LA
2006-11-06 21:55:00,717434,7,91,E,ML,0.29,40,100,294.0,0.0381,70.8,LA
2006-11-06 21:55:00,717435,7,91,W,ML,0.245,40,100,297.0,0.0474,66.7,LA
2006-11-06 21:55:00,717440,7,91,W,ML,0.35,40,100,277.0,0.0481,68.4,LA
2006-11-06 21:55:00,717442,7,91,W,ML,0.921,40,100,280.0,0.0409,69.4,LA
2006-11-06 21:55:00,717443,7,91,E,ML,0.886,40,75,254.0,0.0317,71.0,LA
2006-11-06 21:55:00,717445,7,101,N,ML,0.555,40,100,339.0,0.0602,62.9,LA
2006-11-06 21:55:00,717446,7,101,S,ML,0.36,40,100,353.0,0.0525,67.5,LA
2006-11-06 21:55:00,717447,7,101,N,ML,0.43,40,100,432.0,0.0678,67.3,LA
2006-11-06 21:55:00,717450,7,101,S,ML,0.47,40,100,336.0,0.0592,63.1,LA
2006-11-06 21:55:00,717452,7,101,N,ML,0.45,40,100,398.0,0.0533,68.0,LA
2006-11-06 21:55:00,717453,7,101,S,ML,0.46,40,100,328.0,0.0497,65.8,LA
2006-11-06 21:55:00,717456,7,101,N,ML,0.29,40,100,332.0,0.0403,69.0,LA
2006-11-06 21:55:00,717458,7,101,S,ML,0.445,40,100,331.0,0.0459,67.2,LA
2006-11-06 21:55:00,717459,7,101,N,ML,0.29,40,75,370.0,0.059,67.5,LA
2006-11-06 21:55:00,717460,7,101,N,ML,0.35,40,100,322.0,0.0464,65.8,LA
2006-11-06 21:55:00,717461,7,101,S,ML,0.35,40,100,254.0,0.0404,63.6,LA
2006-11-06 21:55:00,717462,7,101,S,ML,0.405,40,100,332.0,0.0327,67.6,LA
2006-11-06 21:55:00,717463,7,101,N,ML,0.405,40,100,363.0,0.0488,68.1,LA
2006-11-06 21:55:00,717465,7,101,N,ML,0.31,40,100,322.0,0.0456,70.3,LA
2006-11-06 21:55:00,717466,7,101,S,ML,0.31,40,100,282.0,0.0625,62.2,LA
2006-11-06 21:55:00,717472,7,101,S,ML,0.445,40,100,233.0,0.0316,66.3,LA
2006-11-06 21:55:00,717473,7,101,N,ML,0.555,40,100,336.0,0.047,69.6,LA
2006-11-06 21:55:00,717480,7,101,N,ML,0.87,40,100,342.0,0.0447,68.9,LA
2006-11-06 21:55:00,717486,7,101,S,ML,0.86,50,100,327.0,0.0458,71.9,LA
2006-11-06 21:55:00,717488,7,101,S,ML,0.35,50,100,286.0,0.0289,73.9,LA
2006-11-06 21:55:00,717489,7,101,S,ML,0.565,50,80,276.0,0.0282,71.0,LA
2006-11-06 21:55:00,717490,7,101,S,ML,0.5,50,100,300.0,0.033,62.7,LA
2006-11-06 21:55:00,717491,7,101,N,ML,0.5,50,80,323.0,0.0387,66.3,LA
2006-11-06 21:55:00,717492,7,101,N,ML,1.139,50,100,364.0,0.0442,64.7,LA
2006-11-06 21:55:00,717493,7,101,S,ML,0.91,45,100,330.0,0.0366,64.2,LA
2006-11-06 21:55:00,717499,7,101,S,ML,1.0,45,100,357.0,0.0477,60.0,LA
2006-11-06 21:55:00,717501,7,101,N,ML,1.07,50,100,376.0,0.0392,68.0,LA
2006-11-06 21:55:00,717508,7,101,S,ML,1.23,50,100,343.0,0.0341,72.2,LA
2006-11-06 21:55:00,717510,7,101,N,ML,1.886,50,100,363.0,0.0503,68.5,LA
2006-11-06 21:55:00,717511,7,101,S,ML,0.96,50,80,290.0,0.0302,71.4,LA
2006-11-06 21:55:00,717513,7,101,N,ML,1.01,50,100,337.0,0.0374,70.6,LA
2006-11-06 21:55:00,717514,7,101,S,ML,1.13,40,80,321.0,0.0337,70.3,LA
2006-11-06 21:55:00,717515,7,101,N,ML,1.01,50,100,333.0,0.0365,71.9,LA
2006-11-06 21:55:00,717516,7,101,S,ML,1.08,50,100,368.0,0.0454,71.4,LA
2006-11-06 21:55:00,717517,7,101,N,ML,1.045,50,100,344.0,0.0342,72.9,LA
2006-11-06 21:55:00,717518,7,101,S,ML,0.77,50,100,265.0,0.0349,68.0,LA
2006-11-06 21:55:00,717520,7,101,S,ML,0.515,50,100,248.0,0.0271,69.2,LA
2006-11-06 21:55:00,717522,7,101,N,ML,1.205,40,100,223.0,0.0324,66.2,LA
2006-11-06 21:55:00,717524,7,101,N,ML,1.03,32,100,195.0,0.0319,65.6,LA
2006-11-06 21:55:00,717525,7,118,E,ML,2.375,40,100,86.0,0.0122,68.5,LA
2006-11-06 21:55:00,717526,7,118,E,HV,2.375,10,100,0.0,0.0,64.9,LA
2006-11-06 21:55:00,717528,7,118,W,ML,1.405,40,100,123.0,0.0175,67.9,LA
2006-11-06 21:55:00,717530,7,118,E,ML,1.365,40,100,61.0,0.0096,66.1,LA
2006-11-06 21:55:00,717531,7,118,E,HV,1.365,10,100,1.0,0.0006,64.9,LA
2006-11-06 21:55:00,717532,7,118,W,ML,1.425,40,100,134.0,0.0183,68.6,LA
2006-11-06 21:55:00,717533,7,118,E,ML,1.515,40,100,137.0,0.0184,68.2,LA
2006-11-06 21:55:00,717534,7,118,E,HV,1.515,10,100,2.0,0.001,64.9,LA
2006-11-06 21:55:00,717535,7,118,W,ML,1.58,40,100,142.0,0.021,66.1,LA
2006-11-06 21:55:00,717536,7,118,E,ML,1.525,40,100,166.0,0.0226,68.3,LA
2006-11-06 21:55:00,717537,7,118,W,ML,1.43,40,100,183.0,0.026,66.3,LA
2006-11-06 21:55:00,717539,7,118,E,ML,1.08,40,100,224.0,0.0312,68.1,LA
2006-11-06 21:55:00,717540,7,118,E,HV,1.08,9,100,1.0,0.0001,66.6,LA
2006-11-06 21:55:00,717541,7,118,E,ML,0.39,40,80,248.0,0.026,70.9,LA
2006-11-06 21:55:00,717542,7,118,E,HV,0.39,10,100,0.0,0.0,64.8,LA
2006-11-06 21:55:00,717543,7,118,E,ML,0.47,50,80,268.0,0.0263,70.8,LA
2006-11-06 21:55:00,717544,7,118,W,ML,0.625,50,100,223.0,0.0262,69.0,LA
2006-11-06 21:55:00,717545,7,118,E,HV,0.47,10,100,0.0,0.0,64.9,LA
2006-11-06 21:55:00,717546,7,118,W,ML,2.71,50,100,251.0,0.0286,70.0,LA
2006-11-06 21:55:00,717547,7,118,E,ML,2.71,50,60,310.0,0.032,68.4,LA
2006-11-06 21:55:00,717562,7,118,W,ML,1.285,30,100,119.0,0.0214,68.7,LA
2006-11-06 21:55:00,717565,7,118,E,ML,1.285,40,100,67.0,0.0056,68.1,LA
2006-11-06 21:55:00,717566,7,118,W,ML,1.921,20,100,43.0,0.0301,53.6,LA
2006-11-06 21:55:00,717578,7,134,E,ML,0.895,40,100,288.0,0.0386,76.6,LA
2006-11-06 21:55:00,717580,7,134,E,ML,0.655,40,100,256.0,0.0333,68.0,LA
2006-11-06 21:55:00,717582,7,134,W,ML,0.585,40,100,212.0,0.0297,75.3,LA
2006-11-06 21:55:00,717583,7,134,E,ML,0.68,40,100,274.0,0.0359,64.6,LA
2006-11-06 21:55:00,717585,7,134,E,ML,0.285,40,100,202.0,0.0274,68.2,LA
2006-11-06 21:55:00,717586,7,134,E,HV,0.285,10,100,8.0,0.0038,64.8,LA
2006-11-06 21:55:00,717587,7,134,E,ML,0.54,50,100,210.0,0.0382,64.1,LA
2006-11-06 21:55:00,717588,7,134,E,HV,0.54,10,100,8.0,0.0037,64.9,LA
2006-11-06 21:55:00,717590,7,134,W,ML,1.9,40,100,177.0,0.0277,74.2,LA
2006-11-06 21:55:00,717592,7,134,E,ML,1.77,40,75,169.0,0.0432,70.9,LA
2006-11-06 21:55:00,717595,7,134,E,ML,1.765,40,100,190.0,0.0268,68.6,LA
2006-11-06 21:55:00,717597,7,134,W,ML,1.755,40,100,229.0,0.031,68.6,LA
2006-11-06 21:55:00,717599,7,134,W,ML,0.645,40,100,250.0,0.0338,68.9,LA
2006-11-06 21:55:00,717601,7,134,E,ML,0.83,40,100,205.0,0.0377,70.1,LA
2006-11-06 21:55:00,717603,7,134,W,ML,0.816,50,100,219.0,0.0214,80.9,LA
2006-11-06 21:55:00,717604,7,134,W,HV,0.816,10,100,5.0,0.0022,66.0,LA
2006-11-06 21:55:00,717606,7,134,E,ML,0.526,40,100,169.0,0.0217,77.4,LA
2006-11-06 21:55:00,717607,7,134,E,HV,0.526,10,100,12.0,0.0062,66.1,LA
2006-11-06 21:55:00,717608,7,170,S,ML,0.67,40,75,163.0,0.0229,68.0,LA
2006-11-06 21:55:00,717609,7,170,S,HV,0.67,10,100,7.0,0.0033,64.9,LA
2006-11-06 21:55:00,717610,7,170,S,ML,0.6,40,100,147.0,0.0206,68.7,LA
2006-11-06 21:55:00,717612,7,170,S,ML,0.35,40,100,135.0,0.0176,69.4,LA
2006-11-06 21:55:00,717614,7,170,S,ML,0.516,30,100,119.0,0.0233,68.0,LA
2006-11-06 21:55:00,717615,7,210,W,ML,2.85,40,100,125.0,0.0236,66.0,LA
2006-11-06 21:55:00,717617,7,210,E,ML,2.77,40,100,92.0,0.0192,70.4,LA
2006-11-06 21:55:00,717622,7,210,W,ML,0.8,30,75,124.0,0.0222,68.3,LA
2006-11-06 21:55:00,717624,7,210,W,ML,0.95,50,100,145.0,0.0215,68.8,LA
2006-11-06 21:55:00,717625,7,210,E,ML,0.835,40,100,105.0,0.0173,66.9,LA
2006-11-06 21:55:00,717627,7,210,W,ML,0.75,30,67,29.0,0.0057,65.8,LA
2006-11-06 21:55:00,717628,7,210,E,ML,0.48,10,100,17.0,0.013,64.6,LA
2006-11-06 21:55:00,717633,7,210,E,ML,0.675,60,100,275.0,0.0242,72.5,LA
2006-11-06 21:55:00,717634,7,210,W,ML,0.56,50,80,206.0,0.0268,68.2,LA
2006-11-06 21:55:00,717635,7,210,E,ML,0.71,50,100,300.0,0.0343,74.1,LA
2006-11-06 21:55:00,717637,7,210,W,ML,0.955,50,100,128.0,0.0121,72.3,LA
2006-11-06 21:55:00,717638,7,210,E,ML,0.58,50,100,281.0,0.0344,64.2,LA
2006-11-06 21:55:00,717640,7,210,E,ML,0.77,50,100,305.0,0.0353,72.2,LA
2006-11-06 21:55:00,717641,7,210,E,HV,0.605,10,100,74.0,0.0359,65.0,LA
2006-11-06 21:55:00,717642,7,210,W,ML,0.735,49,100,241.0,0.0384,66.2,LA
2006-11-06 21:55:00,717643,7,210,W,HV,0.735,10,100,6.0,0.0027,63.2,LA
2006-11-06 21:55:00,717644,7,210,W,ML,0.57,50,100,196.0,0.0299,62.7,LA
2006-11-06 21:55:00,717645,7,210,W,HV,0.57,10,100,6.0,0.0026,64.9,LA
2006-11-06 21:55:00,717649,7,210,W,ML,0.805,40,100,191.0,0.0397,67.1,LA
2006-11-06 21:55:00,717650,7,210,E,ML,0.675,50,40,305.0,0.0404,68.3,LA
2006-11-06 21:55:00,717654,7,210,E,ML,0.429,40,100,300.0,0.0388,68.5,LA
2006-11-06 21:55:00,717659,7,210,E,ML,0.605,40,100,246.0,0.0376,69.8,LA
2006-11-06 21:55:00,717660,7,710,N,ML,0.484,40,100,187.0,0.0271,69.5,LA
2006-11-06 21:55:00,717663,7,210,W,ML,0.43,40,100,190.0,0.0545,56.5,LA
2006-11-06 21:55:00,717667,7,210,E,ML,1.025,40,75,278.0,0.0444,68.6,LA
2006-11-06 21:55:00,717669,7,210,W,ML,0.6,40,75,210.0,0.0351,67.3,LA
2006-11-06 21:55:00,717670,7,210,W,HV,0.6,10,100,10.0,0.0047,65.0,LA
2006-11-06 21:55:00,717672,7,210,E,ML,0.955,40,100,259.0,0.0389,68.3,LA
2006-11-06 21:55:00,717673,7,210,W,ML,1.33,32,75,119.0,0.0362,46.8,LA
2006-11-06 21:55:00,717675,7,210,W,ML,0.544,40,100,188.0,0.0331,69.8,LA
2006-11-06 21:55:00,717676,7,210,W,ML,0.8,40,100,194.0,0.0303,53.4,LA
2006-11-06 21:55:00,717677,7,210,W,HV,0.8,10,100,9.0,0.0042,65.1,LA
2006-11-06 21:55:00,717678,7,210,W,ML,0.375,50,40,220.0,0.0285,57.8,LA
2006-11-06 21:55:00,717682,7,210,W,ML,0.37,40,100,189.0,0.0226,68.0,LA
2006-11-06 21:55:00,717684,7,210,E,ML,0.331,40,100,159.0,0.0251,67.4,LA
2006-11-06 21:55:00,717685,7,210,W,ML,0.94,36,100,162.0,0.0269,71.1,LA
2006-11-06 21:55:00,717686,7,210,W,ML,0.71,40,80,239.0,0.0351,69.3,LA
2006-11-06 21:55:00,717687,7,210,W,HV,0.71,10,100,9.0,0.0045,65.1,LA
2006-11-06 21:55:00,717688,7,210,W,ML,0.8,40,75,142.0,0.0299,63.4,LA
2006-11-06 21:55:00,717689,7,210,W,HV,0.8,10,100,8.0,0.0039,65.0,LA
2006-11-06 21:55:00,717694,7,210,W,ML,1.21,30,25,196.0,0.0371,62.0,LA
2006-11-06 21:55:00,717695,7,210,W,HV,1.21,10,100,11.0,0.0054,65.0,LA
2006-11-06 21:55:00,717696,7,405,N,ML,0.85,40,100,242.0,0.0353,68.3,LA
2006-11-06 21:55:00,717697,7,405,S,ML,0.75,40,100,259.0,0.0317,68.3,LA
2006-11-06 21:55:00,717699,7,405,S,ML,0.45,40,100,202.0,0.0301,64.0,LA
2006-11-06 21:55:00,717701,7,405,N,ML,0.675,40,100,276.0,0.0347,69.3,LA
2006-11-06 21:55:00,717703,7,405,N,ML,0.505,40,100,353.0,0.0461,74.0,LA
2006-11-06 21:55:00,717706,7,405,N,ML,0.35,49,100,306.0,0.0319,74.1,LA
2006-11-06 21:55:00,717707,7,405,N,HV,0.35,10,100,15.0,0.0072,65.0,LA
2006-11-06 21:55:00,717709,7,405,N,ML,0.27,50,100,319.0,0.0315,70.9,LA
2006-11-06 21:55:00,717711,7,405,N,ML,0.495,40,100,315.0,0.0433,67.7,LA
2006-11-06 21:55:00,717713,7,405,N,ML,0.175,40,100,302.0,0.0409,70.6,LA
2006-11-06 21:55:00,717715,7,405,N,ML,0.325,40,100,280.0,0.0363,69.0,LA
2006-11-06 21:55:00,717717,7,405,N,ML,0.447,50,100,335.0,0.0313,73.1,LA
2006-11-06 21:55:00,717720,7,405,N,ML,0.285,40,100,317.0,0.0575,55.4,LA
2006-11-06 21:55:00,717723,7,405,N,ML,0.73,40,100,276.0,0.0384,68.5,LA
2006-11-06 21:55:00,717724,7,405,S,ML,0.815,40,100,256.0,0.0327,71.3,LA
2006-11-06 21:55:00,717725,7,405,N,HV,0.73,10,100,15.0,0.0068,65.0,LA
2006-11-06 21:55:00,717727,7,405,N,ML,0.735,40,100,241.0,0.0328,69.4,LA
2006-11-06 21:55:00,717729,7,405,N,ML,0.725,50,100,291.0,0.0332,75.5,LA
2006-11-06 21:55:00,717731,7,405,S,ML,0.93,39,100,229.0,0.0321,70.2,LA
2006-11-06 21:55:00,717735,7,405,N,ML,0.58,40,100,261.0,0.041,65.2,LA
2006-11-06 21:55:00,717738,7,405,N,HV,0.63,10,100,10.0,0.0044,54.3,LA
2006-11-06 21:55:00,717744,7,405,N,ML,0.575,40,100,275.0,0.039,68.7,LA
2006-11-06 21:55:00,717750,7,405,N,ML,0.505,40,100,243.0,0.0325,70.0,LA
2006-11-06 21:55:00,717751,7,405,S,ML,0.27,40,100,298.0,0.0384,71.0,LA
2006-11-06 21:55:00,717752,7,405,N,ML,0.43,40,100,251.0,0.0357,69.4,LA
2006-11-06 21:55:00,717753,7,405,S,ML,0.49,40,100,281.0,0.0342,69.2,LA
2006-11-06 21:55:00,717755,7,405,N,ML,0.595,40,100,261.0,0.0366,69.1,LA
2006-11-06 21:55:00,717756,7,405,N,HV,0.595,10,100,15.0,0.0067,64.6,LA
2006-11-06 21:55:00,717758,7,405,N,ML,0.415,40,100,252.0,0.0343,69.6,LA
2006-11-06 21:55:00,717759,7,405,N,HV,0.415,10,100,15.0,0.0068,65.0,LA
2006-11-06 21:55:00,717760,7,405,N,ML,0.48,40,100,295.0,0.0392,65.1,LA
2006-11-06 21:55:00,717761,7,405,N,HV,0.48,10,100,12.0,0.0052,65.1,LA
2006-11-06 21:55:00,717769,7,405,N,ML,0.41,40,75,238.0,0.034,68.8,LA
2006-11-06 21:55:00,717770,7,710,N,ML,0.36,40,100,168.0,0.03,70.7,LA
2006-11-06 21:55:00,717776,7,405,N,ML,0.385,40,100,365.0,0.0551,68.9,LA
2006-11-06 21:55:00,717779,7,405,N,ML,0.9,40,100,377.0,0.0622,69.9,LA
2006-11-06 21:55:00,717794,7,405,N,ML,0.655,50,100,466.0,0.0519,70.6,LA
2006-11-06 21:55:00,717798,7,405,N,ML,0.725,50,100,344.0,0.0332,72.3,LA
2006-11-06 21:55:00,717800,7,405,N,ML,0.51,50,100,431.0,0.0441,71.9,LA
2006-11-06 21:55:00,717801,7,405,N,ML,0.875,50,100,441.0,0.045,69.3,LA
2006-11-06 21:55:00,717804,7,405,N,ML,1.19,50,100,447.0,0.0458,68.0,LA
2006-11-06 21:55:00,717806,7,405,N,ML,0.885,50,100,519.0,0.0594,70.5,LA
2006-11-06 21:55:00,717818,7,405,N,ML,0.45,40,100,358.0,0.0496,69.8,LA
2006-11-06 21:55:00,717819,7,405,N,ML,0.78,40,100,371.0,0.0559,69.4,LA
2006-11-06 21:55:00,717821,7,405,S,ML,0.485,40,100,159.0,0.0263,64.8,LA
2006-11-06 21:55:00,717822,7,405,S,HV,0.485,10,100,7.0,0.0031,64.9,LA
2006-11-06 21:55:00,717823,7,405,N,ML,0.86,40,100,307.0,0.0418,67.1,LA
2006-11-06 21:55:00,717824,7,405,S,ML,0.73,40,100,225.0,0.03,69.2,LA
2006-11-06 21:55:00,717825,7,405,N,ML,0.835,40,100,267.0,0.034,70.9,LA
2006-11-06 21:55:00,717826,7,405,S,ML,0.595,40,100,169.0,0.0227,68.1,LA
2006-11-06 21:55:00,717828,7,405,S,ML,0.67,60,83,177.0,0.0184,67.5,LA
2006-11-06 21:55:00,717829,7,405,S,ML,2.488,60,67,168.0,0.0195,67.1,LA
2006-11-06 21:55:00,717831,7,605,N,ML,1.394,40,100,236.0,0.0378,66.2,LA
2006-11-06 21:55:00,717832,7,605,S,ML,1.379,40,100,199.0,0.0234,55.1,LA
2006-11-06 21:55:00,717833,7,605,S,ML,0.41,40,100,207.0,0.0289,69.9,LA
2006-11-06 21:55:00,717836,7,605,N,ML,0.41,40,100,212.0,0.0294,68.9,LA
2006-11-06 21:55:00,717838,7,605,S,ML,0.305,40,100,194.0,0.0245,70.3,LA
2006-11-06 21:55:00,717839,7,605,N,ML,0.3,40,100,244.0,0.0335,68.3,LA
2006-11-06 21:55:00,717842,7,605,S,ML,0.47,40,100,227.0,0.0238,67.6,LA
2006-11-06 21:55:00,717843,7,605,S,ML,0.325,40,100,217.0,0.0278,66.5,LA
2006-11-06 21:55:00,717844,7,605,N,ML,0.445,40,100,262.0,0.0358,68.2,LA
2006-11-06 21:55:00,717846,7,605,S,ML,0.445,40,100,236.0,0.0318,68.0,LA
2006-11-06 21:55:00,717847,7,605,S,ML,0.45,40,100,260.0,0.035,70.4,LA
2006-11-06 21:55:00,717848,7,605,S,ML,0.23,40,100,212.0,0.0303,65.5,LA
2006-11-06 21:55:00,717850,7,605,N,ML,0.445,40,100,259.0,0.037,67.8,LA
2006-11-06 21:55:00,717851,7,605,N,ML,0.315,40,100,272.0,0.026,67.3,LA
2006-11-06 21:55:00,717853,7,605,S,ML,0.315,33,100,236.0,0.1902,60.3,LA
2006-11-06 21:55:00,717854,7,605,N,ML,0.49,50,80,285.0,0.0329,67.4,LA
2006-11-06 21:55:00,717858,7,605,N,ML,0.245,50,80,258.0,0.0257,70.3,LA
2006-11-06 21:55:00,717859,7,605,S,ML,0.225,50,100,224.0,0.0434,56.8,LA
2006-11-06 21:55:00,717862,7,605,S,ML,0.275,50,100,243.0,0.0313,63.7,LA
2006-11-06 21:55:00,717863,7,605,N,ML,0.26,48,100,163.0,0.0223,66.5,LA
2006-11-06 21:55:00,717867,7,605,S,ML,0.275,49,80,231.0,0.0518,59.0,LA
2006-11-06 21:55:00,717871,7,605,S,ML,0.24,50,100,221.0,0.0246,64.6,LA
2006-11-06 21:55:00,717872,7,605,S,ML,0.632,40,100,160.0,0.0235,66.2,LA
2006-11-06 21:55:00,717875,7,605,N,ML,0.775,50,100,282.0,0.0403,62.7,LA
2006-11-06 21:55:00,717876,7,605,N,HV,0.975,10,100,6.0,0.0017,65.0,LA
2006-11-06 21:55:00,717877,7,605,S,ML,0.705,40,100,219.0,0.0406,67.4,LA
2006-11-06 21:55:00,717881,7,605,N,ML,0.579,40,100,405.0,0.0823,69.5,LA
2006-11-06 21:55:00,717882,7,605,N,HV,0.579,10,100,16.0,0.0067,65.1,LA
2006-11-06 21:55:00,717884,7,605,S,ML,0.58,40,100,209.0,0.038,72.3,LA
2006-11-06 21:55:00,717885,7,605,S,ML,0.575,40,100,246.0,0.0329,65.8,LA
2006-11-06 21:55:00,717887,7,605,S,ML,0.525,40,100,244.0,0.0337,71.6,LA
2006-11-06 21:55:00,717888,7,605,N,ML,0.54,40,100,364.0,0.0714,70.7,LA
2006-11-06 21:55:00,717889,7,605,S,HV,0.525,10,100,9.0,0.0041,65.0,LA
2006-11-06 21:55:00,717892,7,605,N,HV,0.54,10,100,22.0,0.0097,64.6,LA
2006-11-06 21:55:00,717893,7,605,N,ML,0.485,40,100,302.0,0.0458,70.0,LA
2006-11-06 21:55:00,717894,7,605,S,ML,0.305,40,100,213.0,0.0378,72.4,LA
2006-11-06 21:55:00,717896,7,605,S,ML,0.307,38,75,215.0,0.0316,69.0,LA
2006-11-06 21:55:00,717897,7,605,N,ML,0.505,40,100,373.0,0.0764,69.0,LA
2006-11-06 21:55:00,717898,7,605,S,ML,0.439,40,75,244.0,0.044,67.3,LA
2006-11-06 21:55:00,717899,7,605,N,HV,0.505,10,100,17.0,0.0075,64.9,LA
2006-11-06 21:55:00,717903,7,605,N,ML,0.5,40,100,337.0,0.0572,63.2,LA
2006-11-06 21:55:00,717906,7,605,N,ML,0.324,40,100,306.0,0.0545,68.6,LA
2006-11-06 21:55:00,717907,7,605,S,ML,0.306,40,100,240.0,0.0364,71.0,LA
2006-11-06 21:55:00,717908,7,605,S,HV,0.306,10,100,7.0,0.0032,65.0,LA
2006-11-06 21:55:00,717909,7,605,N,ML,0.413,40,100,334.0,0.0811,66.2,LA
2006-11-06 21:55:00,717912,7,605,S,ML,0.455,40,100,230.0,0.0388,70.0,LA
2006-11-06 21:55:00,717914,7,605,S,ML,0.414,40,100,239.0,0.0315,70.1,LA
2006-11-06 21:55:00,717915,7,605,N,ML,0.431,40,100,299.0,0.0487,69.0,LA
2006-11-06 21:55:00,717916,7,605,S,HV,0.414,10,100,8.0,0.0037,65.1,LA
2006-11-06 21:55:00,717920,7,605,N,HV,0.431,10,100,28.0,0.0128,65.2,LA
2006-11-06 21:55:00,717922,7,605,N,ML,0.291,40,100,322.0,0.0529,69.3,LA
2006-11-06 21:55:00,717925,7,605,S,ML,0.385,40,100,276.0,0.0529,68.8,LA
2006-11-06 21:55:00,717926,7,605,N,ML,0.385,40,100,311.0,0.048,69.8,LA
2006-11-06 21:55:00,717929,7,605,N,ML,0.562,36,100,222.0,0.0687,56.4,LA
2006-11-06 21:55:00,717930,7,605,S,ML,0.55,35,75,198.0,0.0473,62.9,LA
2006-11-06 21:55:00,717933,7,605,S,ML,0.55,40,100,274.0,0.0498,68.1,LA
2006-11-06 21:55:00,717934,7,605,N,ML,0.55,40,100,303.0,0.0444,66.6,LA
2006-11-06 21:55:00,717935,7,605,S,HV,0.55,10,100,8.0,0.0033,65.1,LA
2006-11-06 21:55:00,717938,7,605,N,HV,0.55,10,100,19.0,0.0076,65.1,LA
2006-11-06 21:55:00,717940,7,605,N,ML,0.26,35,100,214.0,0.0632,56.6,LA
2006-11-06 21:55:00,717942,7,605,S,ML,0.26,40,100,272.0,0.0736,52.0,LA
2006-11-06 21:55:00,717945,7,605,N,ML,0.312,39,50,239.0,0.0281,67.0,LA
2006-11-06 21:55:00,717947,7,605,S,ML,1.099,40,100,239.0,0.0374,68.4,LA
2006-11-06 21:55:00,717951,7,605,S,ML,0.98,40,100,166.0,0.0243,70.2,LA
2006-11-06 21:55:00,717954,7,605,N,ML,1.188,40,100,216.0,0.0292,64.9,LA
2006-11-06 21:55:00,717956,7,605,N,ML,1.034,40,100,179.0,0.0222,68.4,LA
2006-11-06 21:55:00,717957,7,605,S,ML,2.351,40,100,128.0,0.0138,70.4,LA
2006-11-06 21:55:00,717958,7,605,N,ML,1.948,40,100,181.0,0.0244,71.9,LA
2006-11-06 21:55:00,717966,7,710,N,ML,1.145,40,60,300.0,0.0464,63.0,LA
2006-11-06 21:55:00,717968,7,710,N,ML,0.985,30,100,213.0,0.0662,64.3,LA
2006-11-06 21:55:00,717970,7,710,S,ML,0.635,50,100,248.0,0.0266,68.6,LA
2006-11-06 21:55:00,717977,7,710,N,ML,0.4,40,100,131.0,0.0202,63.2,LA
2006-11-06 21:55:00,717978,7,710,S,ML,0.6,40,75,139.0,0.0267,67.2,LA
2006-11-06 21:55:00,717980,7,710,S,ML,0.223,40,75,205.0,0.0286,67.8,LA
2006-11-06 21:55:00,717983,7,710,N,ML,0.76,40,100,237.0,0.0343,72.6,LA
2006-11-06 21:55:00,718010,7,710,N,ML,0.51,50,100,268.0,0.0346,71.4,LA
2006-11-06 21:55:00,718012,7,710,S,ML,0.64,50,100,272.0,0.0332,67.8,LA
2006-11-06 21:55:00,718014,7,710,N,ML,0.274,40,50,283.0,0.0567,65.0,LA
2006-11-06 21:55:00,718016,7,710,N,ML,2.861,30,100,148.0,0.0341,65.4,LA
2006-11-06 21:55:00,718017,7,710,S,ML,0.591,30,100,135.0,0.0275,67.6,LA
2006-11-06 21:55:00,718018,7,710,S,ML,2.675,30,67,109.0,0.0302,70.3,LA
2006-11-06 21:55:00,718020,7,10,W,ML,0.5,60,100,222.0,0.0223,67.6,LA
2006-11-06 21:55:00,718041,7,110,S,ML,0.455,50,100,433.0,0.054,71.5,LA
2006-11-06 21:55:00,718045,7,110,S,ML,0.975,30,100,176.0,0.0336,61.3,LA
2006-11-06 21:55:00,718046,7,110,N,ML,2.87,30,67,291.0,0.0638,62.9,LA
2006-11-06 21:55:00,718047,7,210,W,ML,2.2,40,100,90.0,0.0151,70.0,LA
2006-11-06 21:55:00,718051,7,57,N,ML,0.62,40,100,214.0,0.0348,64.1,LA
2006-11-06 21:55:00,718052,7,57,S,ML,0.44,40,100,171.0,0.0216,68.9,LA
2006-11-06 21:55:00,718053,7,57,N,ML,0.45,40,100,220.0,0.0347,69.6,LA
2006-11-06 21:55:00,718054,7,57,S,ML,1.21,50,100,160.0,0.0189,71.2,LA
2006-11-06 21:55:00,718064,7,2,W,ML,0.599,40,100,109.0,0.0194,67.9,LA
2006-11-06 21:55:00,718066,7,2,W,ML,0.55,40,100,120.0,0.0202,66.0,LA
2006-11-06 21:55:00,718072,7,2,W,ML,0.335,40,100,42.0,0.006,68.2,LA
2006-11-06 21:55:00,718076,7,2,W,ML,0.665,39,100,58.0,0.0079,65.5,LA
2006-11-06 21:55:00,718081,7,5,N,ML,0.575,30,100,219.0,0.0467,63.6,LA
2006-11-06 21:55:00,718086,7,5,N,ML,0.5,40,100,213.0,0.0299,69.8,LA
2006-11-06 21:55:00,718092,7,5,N,ML,0.235,40,100,319.0,0.059,67.0,LA
2006-11-06 21:55:00,718102,7,710,N,ML,0.2,40,100,152.0,0.0257,70.2,LA
2006-11-06 21:55:00,718118,7,10,E,ML,0.445,40,100,308.0,0.0634,65.0,LA
2006-11-06 21:55:00,718119,7,10,E,ML,0.225,50,100,292.0,0.0337,70.6,LA
2006-11-06 21:55:00,718123,7,60,E,ML,0.91,40,100,310.0,0.051,63.3,LA
2006-11-06 21:55:00,718125,7,60,W,ML,0.475,40,100,183.0,0.0332,62.6,LA
2006-11-06 21:55:00,718130,7,91,E,ML,0.36,36,100,194.0,0.0335,65.0,LA
2006-11-06 21:55:00,718141,7,101,N,ML,0.28,30,100,207.0,0.0389,66.8,LA
2006-11-06 21:55:00,718142,7,101,S,ML,0.315,40,100,249.0,0.0451,66.2,LA
2006-11-06 21:55:00,718144,7,101,S,ML,0.935,40,100,162.0,0.0244,69.2,LA
2006-11-06 21:55:00,718147,7,710,N,ML,1.815,40,100,194.0,0.028,77.3,LA
2006-11-06 21:55:00,718151,7,710,N,ML,0.458,40,75,229.0,0.0368,69.5,LA
2006-11-06 21:55:00,718155,7,105,E,ML,0.6,30,100,240.0,0.0388,72.7,LA
2006-11-06 21:55:00,718164,7,110,N,ML,0.48,40,100,298.0,0.0322,69.6,LA
2006-11-06 21:55:00,718165,7,110,N,ML,1.93,30,33,252.0,0.0526,69.1,LA
2006-11-06 21:55:00,718166,7,110,S,ML,0.5,30,100,214.0,0.0407,65.3,LA
2006-11-06 21:55:00,718210,7,210,W,ML,0.68,36,100,220.0,0.0391,66.6,LA
2006-11-06 21:55:00,718219,7,405,N,ML,0.565,40,100,254.0,0.037,63.1,LA
2006-11-06 21:55:00,718221,7,405,S,ML,0.645,40,100,221.0,0.0279,68.0,LA
2006-11-06 21:55:00,718223,7,405,S,ML,0.475,40,100,238.0,0.0333,68.7,LA
2006-11-06 21:55:00,718226,7,405,S,ML,0.275,40,100,241.0,0.0336,68.4,LA
2006-11-06 21:55:00,718227,7,405,N,ML,0.415,49,80,248.0,0.0344,66.0,LA
2006-11-06 21:55:00,718229,7,405,S,ML,0.315,50,80,278.0,0.0288,72.9,LA
2006-11-06 21:55:00,718230,7,405,S,HV,0.315,10,100,15.0,0.0072,64.9,LA
2006-11-06 21:55:00,718232,7,405,S,ML,0.425,32,75,219.0,0.0311,62.8,LA
2006-11-06 21:55:00,718233,7,405,N,HV,0.27,10,100,17.0,0.0073,65.1,LA
2006-11-06 21:55:00,718235,7,405,S,ML,0.495,35,100,301.0,0.0322,75.7,LA
2006-11-06 21:55:00,718236,7,405,S,HV,0.495,7,100,26.0,0.011,65.1,LA
2006-11-06 21:55:00,718240,7,405,S,ML,0.507,40,100,281.0,0.0345,65.2,LA
2006-11-06 21:55:00,718245,7,405,S,ML,0.535,50,100,289.0,0.0319,70.9,LA
2006-11-06 21:55:00,718247,7,405,S,ML,0.705,40,100,295.0,0.042,69.6,LA
2006-11-06 21:55:00,718249,7,405,S,ML,0.71,50,100,331.0,0.0434,69.9,LA
2006-11-06 21:55:00,718251,7,405,N,ML,0.985,40,100,280.0,0.0271,68.6,LA
2006-11-06 21:55:00,718256,7,405,S,ML,0.665,40,100,281.0,0.0384,70.4,LA
2006-11-06 21:55:00,718257,7,405,S,HV,0.665,10,100,16.0,0.0068,64.6,LA
2006-11-06 21:55:00,718258,7,405,S,ML,0.88,50,100,290.0,0.0306,67.1,LA
2006-11-06 21:55:00,718259,7,405,N,ML,0.565,50,100,256.0,0.0304,68.8,LA
2006-11-06 21:55:00,718260,7,405,S,HV,0.63,10,100,13.0,0.0055,65.0,LA
2006-11-06 21:55:00,718265,7,405,S,ML,0.52,40,100,272.0,0.0372,69.4,LA
2006-11-06 21:55:00,718266,7,405,N,ML,0.52,40,100,248.0,0.0362,69.9,LA
2006-11-06 21:55:00,718267,7,405,N,ML,0.615,40,100,283.0,0.0377,68.6,LA
2006-11-06 21:55:00,718270,7,405,S,HV,0.33,10,100,17.0,0.0075,65.2,LA
2006-11-06 21:55:00,718277,7,405,S,ML,0.48,40,100,332.0,0.0452,68.8,LA
2006-11-06 21:55:00,718278,7,405,S,HV,0.48,10,100,13.0,0.006,64.9,LA
2006-11-06 21:55:00,718284,7,405,S,ML,0.517,40,100,271.0,0.0331,70.1,LA
2006-11-06 21:55:00,718287,7,405,S,ML,0.9,40,100,312.0,0.0443,66.6,LA
2006-11-06 21:55:00,718290,7,405,S,ML,0.79,50,80,534.0,0.0705,65.4,LA
2006-11-06 21:55:00,718291,7,405,N,ML,0.95,50,100,516.0,0.0727,63.4,LA
2006-11-06 21:55:00,718292,7,405,N,ML,0.715,40,100,413.0,0.1203,65.6,LA
2006-11-06 21:55:00,718312,7,405,S,ML,1.19,40,100,309.0,0.0453,68.4,LA
2006-11-06 21:55:00,718313,7,405,S,HV,1.19,10,100,15.0,0.0065,64.9,LA
2006-11-06 21:55:00,718314,7,405,S,ML,0.91,40,75,285.0,0.0418,68.7,LA
2006-11-06 21:55:00,718321,7,710,S,ML,0.17,40,100,208.0,0.0333,68.9,LA
2006-11-06 21:55:00,718331,7,10,W,HV,2.855,10,100,4.0,0.0022,64.9,LA
2006-11-06 21:55:00,718332,7,10,W,ML,0.37,40,100,246.0,0.0337,59.5,LA
2006-11-06 21:55:00,718356,7,57,N,ML,0.72,40,100,166.0,0.0261,67.0,LA
2006-11-06 21:55:00,718358,7,5,N,ML,0.6,30,100,198.0,0.0403,67.9,LA
2006-11-06 21:55:00,718364,7,5,S,ML,0.57,40,100,329.0,0.0476,69.5,LA
2006-11-06 21:55:00,718371,7,5,N,ML,0.35,50,100,437.0,0.0447,73.8,LA
2006-11-06 21:55:00,718379,7,5,S,ML,0.905,49,80,192.0,0.0412,59.5,LA
2006-11-06 21:55:00,718389,7,5,N,ML,0.315,50,100,424.0,0.0558,71.5,LA
2006-11-06 21:55:00,718411,7,10,W,ML,0.47,30,33,174.0,0.0282,64.3,LA
2006-11-06 21:55:00,718421,7,10,E,ML,0.53,50,100,396.0,0.039,69.6,LA
2006-11-06 21:55:00,718441,7,405,S,HV,0.425,10,100,13.0,0.0062,65.0,LA
2006-11-06 21:55:00,718442,7,405,N,HV,0.495,10,100,17.0,0.0084,65.2,LA
2006-11-06 21:55:00,718445,7,10,E,ML,0.27,40,100,321.0,0.0412,69.5,LA
2006-11-06 21:55:00,718448,7,210,E,HV,1.85,10,100,11.0,0.005,63.0,LA
2006-11-06 21:55:00,718466,7,605,N,ML,0.35,40,100,223.0,0.0319,69.4,LA
2006-11-06 21:55:00,718469,7,210,E,ML,0.563,40,100,266.0,0.0464,64.5,LA
2006-11-06 21:55:00,718479,7,405,S,ML,0.33,39,100,291.0,0.0496,57.8,LA
2006-11-06 21:55:00,718480,7,405,S,HV,0.33,10,100,9.0,0.004,65.0,LA
2006-11-06 21:55:00,718488,7,710,N,ML,0.4,60,100,331.0,0.0377,67.0,LA
2006-11-06 21:55:00,737152,7,605,S,ML,0.52,40,100,178.0,0.0265,71.0,LA
2006-11-06 21:55:00,737158,7,10,E,ML,0.38,40,20,388.0,0.0451,67.6,LA
2006-11-06 21:55:00,737278,7,10,E,ML,0.355,40,100,343.0,0.0557,63.6,LA
2006-11-06 21:55:00,737329,7,10,W,ML,0.135,30,100,102.0,0.0323,64.0,LA
2006-11-06 21:55:00,737433,7,101,N,ML,2.275,40,100,155.0,0.0242,71.2,LA
2006-11-06 21:55:00,737490,7,210,E,HV,0.429,10,100,12.0,0.0072,65.1,LA
2006-11-06 21:55:00,737504,7,605,S,ML,0.735,40,100,204.0,0.0289,65.7,LA
2006-11-06 21:55:00,737529,7,405,S,ML,0.47,40,100,210.0,0.0266,69.3,LA
2006-11-06 21:55:00,759142,7,118,E,ML,0.41,27,100,120.0,0.0216,67.6,LA
2006-11-06 21:55:00,759165,7,118,W,ML,0.47,27,67,89.0,0.0173,65.4,LA
2006-11-06 21:55:00,759271,7,101,N,ML,1.25,40,75,169.0,0.0273,69.1,LA
2006-11-06 21:55:00,759280,7,10,E,ML,0.27,30,100,207.0,0.0366,67.4,LA
2006-11-06 21:55:00,759416,7,110,S,ML,0.185,40,100,235.0,0.0309,73.8,LA
2006-11-06 21:55:00,759418,7,110,S,ML,0.16,40,50,226.0,0.03,68.6,LA
2006-11-06 21:55:00,759422,7,405,S,ML,0.24,40,100,344.0,0.0437,71.9,LA
2006-11-06 21:55:00,759427,7,405,N,ML,1.039,40,75,192.0,0.0232,69.0,LA
2006-11-06 21:55:00,759513,7,5,N,ML,0.335,27,100,189.0,0.037,65.6,LA
2006-11-06 21:55:00,759518,7,5,N,ML,0.3,29,67,204.0,0.0448,62.4,LA
2006-11-06 21:55:00,759531,7,5,N,ML,0.305,39,100,245.0,0.0463,68.2,LA
2006-11-06 21:55:00,759542,7,5,N,ML,0.295,40,100,250.0,0.0493,64.9,LA
2006-11-06 21:55:00,759552,7,5,N,ML,0.545,40,100,186.0,0.0391,59.0,LA
2006-11-06 21:55:00,759566,7,5,N,ML,0.395,50,100,323.0,0.0374,71.5,LA
2006-11-06 21:55:00,759576,7,5,N,ML,0.485,50,100,391.0,0.0543,68.6,LA
2006-11-06 21:55:00,759591,7,5,N,ML,0.67,40,100,225.0,0.0372,62.4,LA
2006-11-06 21:55:00,759648,7,5,N,ML,1.365,40,75,244.0,0.0488,71.7,LA
2006-11-06 21:55:00,759654,7,5,N,ML,1.12,40,100,199.0,0.0311,68.1,LA
2006-11-06 21:55:00,759707,7,5,S,ML,0.675,50,100,400.0,0.0508,69.9,LA
2006-11-06 21:55:00,759762,7,5,S,ML,0.3,36,100,223.0,0.0355,70.0,LA
2006-11-06 21:55:00,759772,7,5,S,ML,0.35,40,100,236.0,0.0376,68.7,LA
2006-11-06 21:55:00,759783,7,5,S,ML,0.69,40,75,217.0,0.0366,67.1,LA
2006-11-06 21:55:00,759822,7,5,S,ML,0.245,50,40,180.0,0.0271,67.3,LA
2006-11-06 21:55:00,759870,7,5,S,ML,1.465,40,100,168.0,0.0301,71.1,LA
2006-11-06 21:55:00,759888,7,5,S,ML,0.4,40,50,232.0,0.0267,67.9,LA
2006-11-06 21:55:00,759906,7,5,S,ML,1.0,40,100,147.0,0.0335,66.4,LA
2006-11-06 21:55:00,759933,7,5,S,ML,4.015,20,50,82.0,0.0137,64.1,LA
2006-11-06 21:55:00,759974,7,91,E,HV,0.42,10,100,6.0,0.0028,65.0,LA
2006-11-06 21:55:00,759975,7,91,E,HV,0.405,10,100,6.0,0.0025,65.0,LA
2006-11-06 21:55:00,759979,7,91,E,HV,0.195,10,100,15.0,0.0061,65.0,LA
2006-11-06 21:55:00,759980,7,91,E,ML,0.195,40,100,227.0,0.0373,61.5,LA
2006-11-06 21:55:00,759981,7,91,W,HV,0.7,10,100,1.0,0.0003,65.2,LA
2006-11-06 21:55:00,759982,7,91,W,HV,1.34,10,100,2.0,0.001,64.9,LA
2006-11-06 21:55:00,759987,7,91,W,HV,0.27,10,100,22.0,0.0103,64.7,LA
2006-11-06 21:55:00,759989,7,91,W,HV,0.245,10,100,30.0,0.0104,65.0,LA
2006-11-06 21:55:00,759990,7,91,W,HV,0.35,10,100,25.0,0.0094,65.0,LA
2006-11-06 21:55:00,759991,7,91,E,HV,0.32,10,100,7.0,0.0027,65.1,LA
2006-11-06 21:55:00,759992,7,91,E,HV,0.886,10,100,18.0,0.0085,65.0,LA
2006-11-06 21:55:00,759993,7,91,W,HV,0.921,10,100,29.0,0.015,64.6,LA
2006-11-06 21:55:00,759996,7,91,E,HV,0.93,10,100,1.0,0.0004,65.1,LA
2006-11-06 21:55:00,760002,7,101,N,ML,2.07,40,100,251.0,0.0326,66.9,LA
2006-11-06 21:55:00,760024,7,101,S,ML,0.72,50,100,506.0,0.0595,66.7,LA
2006-11-06 21:55:00,760046,7,105,E,ML,1.1,30,100,181.0,0.0422,65.5,LA
2006-11-06 21:55:00,760063,7,105,E,ML,0.6,30,100,73.0,0.021,69.1,LA
2006-11-06 21:55:00,760073,7,105,E,HV,0.55,10,100,31.0,0.0146,64.7,LA
2006-11-06 21:55:00,760074,7,105,E,ML,0.55,40,100,242.0,0.0304,71.7,LA
2006-11-06 21:55:00,760080,7,105,E,ML,0.55,30,100,256.0,0.0521,67.2,LA
2006-11-06 21:55:00,760085,7,105,E,HV,0.55,10,100,32.0,0.0143,64.7,LA
2006-11-06 21:55:00,760090,7,105,E,HV,0.5,10,100,38.0,0.0118,64.1,LA
2006-11-06 21:55:00,760100,7,105,E,HV,0.35,10,100,38.0,0.0196,64.8,LA
2006-11-06 21:55:00,760101,7,105,E,ML,0.35,30,100,285.0,0.0616,68.8,LA
2006-11-06 21:55:00,760110,7,105,E,HV,0.45,10,100,33.0,0.0175,65.7,LA
2006-11-06 21:55:00,760112,7,105,E,ML,0.45,40,75,308.0,0.047,67.8,LA
2006-11-06 21:55:00,760117,7,105,E,HV,0.55,10,100,46.0,0.0345,54.3,LA
2006-11-06 21:55:00,760122,7,105,E,HV,0.55,10,100,55.0,0.0289,58.0,LA
2006-11-06 21:55:00,760147,7,105,W,HV,0.55,10,100,17.0,0.0088,64.4,LA
2006-11-06 21:55:00,760166,7,105,E,HV,0.6,9,100,26.0,0.0112,64.7,LA
2006-11-06 21:55:00,760167,7,105,E,ML,0.125,27,100,222.0,0.049,61.8,LA
2006-11-06 21:55:00,760178,7,105,E,HV,0.4,10,100,32.0,0.0111,64.1,LA
2006-11-06 21:55:00,760187,7,105,E,ML,0.65,30,100,247.0,0.037,72.5,LA
2006-11-06 21:55:00,760188,7,105,E,HV,0.65,10,100,29.0,0.013,66.0,LA
2006-11-06 21:55:00,760196,7,105,E,ML,0.75,30,100,229.0,0.0678,62.0,LA
2006-11-06 21:55:00,760199,7,105,E,HV,0.75,10,100,25.0,0.0119,66.6,LA
2006-11-06 21:55:00,760213,7,105,E,HV,0.6,10,100,41.0,0.0239,64.3,LA
2006-11-06 21:55:00,760224,7,105,E,HV,0.5,9,100,27.0,0.0123,59.2,LA
2006-11-06 21:55:00,760226,7,105,E,ML,0.5,27,33,313.0,0.0769,50.0,LA
2006-11-06 21:55:00,760236,7,105,E,ML,0.45,30,67,272.0,0.0577,62.4,LA
2006-11-06 21:55:00,760242,7,105,E,HV,0.65,10,100,33.0,0.0079,65.5,LA
2006-11-06 21:55:00,760246,7,105,E,HV,0.6,10,100,27.0,0.0139,65.9,LA
2006-11-06 21:55:00,760256,7,105,W,HV,0.1,10,100,18.0,0.007,65.3,LA
2006-11-06 21:55:00,760267,7,105,E,HV,0.305,10,100,26.0,0.0112,64.2,LA
2006-11-06 21:55:00,760279,7,105,E,HV,0.47,10,100,17.0,0.0202,56.2,LA
2006-11-06 21:55:00,760283,7,105,E,ML,0.45,29,100,281.0,0.0383,63.7,LA
2006-11-06 21:55:00,760289,7,105,E,HV,0.45,10,100,22.0,0.0124,64.6,LA
2006-11-06 21:55:00,760293,7,105,E,HV,0.4,10,100,15.0,0.0067,63.9,LA
2006-11-06 21:55:00,760320,7,105,E,HV,0.45,10,100,11.0,0.0049,64.2,LA
2006-11-06 21:55:00,760329,7,105,E,HV,0.5,10,100,9.0,0.0038,65.1,LA
2006-11-06 21:55:00,760330,7,105,E,ML,0.5,30,100,283.0,0.063,70.1,LA
2006-11-06 21:55:00,760333,7,105,W,HV,0.4,10,100,3.0,0.0012,65.0,LA
2006-11-06 21:55:00,760358,7,105,W,ML,0.415,20,50,15.0,0.0052,68.9,LA
2006-11-06 21:55:00,760369,7,105,W,ML,0.4,40,100,249.0,0.032,70.1,LA
2006-11-06 21:55:00,760375,7,105,W,ML,0.4,40,100,244.0,0.0488,71.1,LA
2006-11-06 21:55:00,760380,7,105,W,HV,0.4,10,100,13.0,0.0116,64.4,LA
2006-11-06 21:55:00,760384,7,105,W,ML,0.45,30,100,236.0,0.0638,55.7,LA
2006-11-06 21:55:00,760387,7,105,W,HV,0.45,10,100,14.0,0.0075,64.3,LA
2006-11-06 21:55:00,760395,7,105,W,HV,0.35,10,100,19.0,0.0191,70.8,LA
2006-11-06 21:55:00,760398,7,105,W,ML,0.35,30,100,259.0,0.0907,67.5,LA
2006-11-06 21:55:00,760424,7,105,W,HV,0.7,10,100,28.0,0.0131,65.5,LA
2006-11-06 21:55:00,760426,7,105,W,ML,0.7,30,100,220.0,0.0464,67.3,LA
2006-11-06 21:55:00,760432,7,105,W,HV,0.6,10,100,30.0,0.0177,66.0,LA
2006-11-06 21:55:00,760440,7,105,W,ML,0.4,30,100,268.0,0.0633,66.1,LA
2006-11-06 21:55:00,760442,7,105,W,HV,0.4,10,100,27.0,0.012,65.5,LA
2006-11-06 21:55:00,760452,7,105,W,ML,0.5,30,100,261.0,0.0571,69.1,LA
2006-11-06 21:55:00,760454,7,105,W,HV,0.5,10,100,30.0,0.014,65.5,LA
2006-11-06 21:55:00,760465,7,105,W,HV,0.5,10,100,21.0,0.024,55.6,LA
2006-11-06 21:55:00,760473,7,105,W,ML,0.405,40,100,293.0,0.0421,72.5,LA
2006-11-06 21:55:00,760476,7,105,W,HV,0.55,10,100,33.0,0.0158,66.9,LA
2006-11-06 21:55:00,760481,7,105,W,ML,0.3,30,100,216.0,0.0427,57.6,LA
2006-11-06 21:55:00,760490,7,105,W,HV,0.65,10,100,19.0,0.0115,64.2,LA
2006-11-06 21:55:00,760496,7,105,W,ML,0.3,50,100,309.0,0.0343,64.6,LA
2006-11-06 21:55:00,760505,7,105,W,HV,0.3,10,100,38.0,0.015,64.4,LA
2006-11-06 21:55:00,760512,7,105,W,ML,0.55,29,100,234.0,0.0655,68.7,LA
2006-11-06 21:55:00,760519,7,105,W,HV,0.55,10,100,24.0,0.0112,64.4,LA
2006-11-06 21:55:00,760525,7,105,W,HV,0.65,10,100,30.0,0.0144,64.6,LA
2006-11-06 21:55:00,760532,7,105,W,HV,0.5,10,100,23.0,0.0125,65.6,LA
2006-11-06 21:55:00,760535,7,105,W,ML,0.5,30,100,213.0,0.0499,67.7,LA
2006-11-06 21:55:00,760545,7,105,W,HV,0.5,10,100,27.0,0.0095,65.3,LA
2006-11-06 21:55:00,760550,7,105,W,HV,0.455,10,100,18.0,0.0083,64.7,LA
2006-11-06 21:55:00,760568,7,105,W,ML,0.35,29,67,234.0,0.0481,68.7,LA
2006-11-06 21:55:00,760572,7,105,W,HV,0.35,10,100,22.0,0.0117,63.5,LA
2006-11-06 21:55:00,760580,7,105,W,HV,0.55,10,100,18.0,0.0056,65.5,LA
2006-11-06 21:55:00,760585,7,105,W,HV,0.45,10,100,16.0,0.0074,64.8,LA
2006-11-06 21:55:00,760598,7,105,W,HV,0.3,10,100,11.0,0.005,63.9,LA
2006-11-06 21:55:00,760599,7,105,W,ML,0.3,30,33,182.0,0.0407,64.1,LA
2006-11-06 21:55:00,760604,7,105,W,HV,0.3,10,100,15.0,0.0069,65.1,LA
2006-11-06 21:55:00,760606,7,105,W,ML,0.3,30,67,173.0,0.0299,66.5,LA
2006-11-06 21:55:00,760617,7,105,W,HV,0.595,10,100,227.0,0.0738,57.6,LA
2006-11-06 21:55:00,760619,7,105,W,ML,0.595,30,100,125.0,0.0161,60.1,LA
2006-11-06 21:55:00,760650,7,110,S,ML,1.296,50,80,240.0,0.0335,59.4,LA
2006-11-06 21:55:00,760672,7,118,W,HV,0.625,10,100,4.0,0.0018,64.9,LA
2006-11-06 21:55:00,760677,7,118,W,HV,2.71,10,100,4.0,0.0016,65.0,LA
2006-11-06 21:55:00,760693,7,118,E,ML,1.786,20,100,34.0,0.0105,68.2,LA
2006-11-06 21:55:00,760718,7,118,E,ML,0.255,30,100,79.0,0.0127,69.4,LA
2006-11-06 21:55:00,760726,7,118,E,ML,0.34,30,100,73.0,0.014,68.8,LA
2006-11-06 21:55:00,760738,7,118,E,ML,0.26,30,100,96.0,0.0171,69.5,LA
2006-11-06 21:55:00,760756,7,118,E,ML,0.285,30,100,101.0,0.02,68.8,LA
2006-11-06 21:55:00,760765,7,118,E,ML,0.44,30,100,92.0,0.0154,68.2,LA
2006-11-06 21:55:00,760814,7,118,E,ML,0.235,20,100,78.0,0.024,73.4,LA
2006-11-06 21:55:00,760827,7,118,W,HV,2.255,10,100,3.0,0.0014,65.1,LA
2006-11-06 21:55:00,760828,7,118,W,ML,2.255,40,100,104.0,0.0145,68.3,LA
2006-11-06 21:55:00,760832,7,118,W,HV,1.405,10,100,3.0,0.0012,65.1,LA
2006-11-06 21:55:00,760835,7,118,W,HV,1.425,10,100,4.0,0.0019,65.2,LA
2006-11-06 21:55:00,760840,7,118,W,HV,1.58,10,100,6.0,0.0026,65.0,LA
2006-11-06 21:55:00,760844,7,118,W,HV,1.43,10,100,6.0,0.0026,64.8,LA
2006-11-06 21:55:00,760869,7,118,W,ML,1.756,30,33,102.0,0.029,61.8,LA
2006-11-06 21:55:00,760892,7,118,W,ML,0.28,30,100,100.0,0.0193,67.9,LA
2006-11-06 21:55:00,760900,7,118,W,ML,0.325,30,100,95.0,0.0177,68.6,LA
2006-11-06 21:55:00,760921,7,118,W,ML,0.34,27,100,90.0,0.0166,67.3,LA
2006-11-06 21:55:00,760987,7,134,E,ML,1.045,40,100,216.0,0.0264,71.9,LA
2006-11-06 21:55:00,760989,7,134,E,HV,1.045,10,100,12.0,0.0056,64.9,LA
2006-11-06 21:55:00,761005,7,134,E,HV,0.895,10,100,12.0,0.0077,66.7,LA
2006-11-06 21:55:00,761009,7,134,E,HV,0.655,10,100,11.0,0.0049,64.9,LA
2006-11-06 21:55:00,761014,7,134,E,HV,0.68,10,100,11.0,0.0046,63.7,LA
2006-11-06 21:55:00,761035,7,134,W,HV,1.9,10,100,5.0,0.0023,65.0,LA
2006-11-06 21:55:00,761038,7,134,W,HV,1.025,10,100,6.0,0.0027,65.0,LA
2006-11-06 21:55:00,761041,7,134,W,HV,0.585,10,100,6.0,0.0028,65.5,LA
2006-11-06 21:55:00,761044,7,134,W,HV,1.001,9,100,10.0,0.0061,65.1,LA
2006-11-06 21:55:00,761066,7,170,S,HV,0.35,10,100,8.0,0.0043,64.8,LA
2006-11-06 21:55:00,761093,7,210,E,HV,0.675,10,100,9.0,0.0046,64.8,LA
2006-11-06 21:55:00,761098,7,210,E,HV,0.71,10,100,11.0,0.0053,64.1,LA
2006-11-06 21:55:00,761102,7,210,E,HV,0.58,10,100,12.0,0.0067,60.5,LA
2006-11-06 21:55:00,761105,7,210,E,HV,0.77,10,100,13.0,0.0057,65.0,LA
2006-11-06 21:55:00,761115,7,210,E,HV,1.025,10,100,19.0,0.0084,65.0,LA
2006-11-06 21:55:00,761117,7,210,E,HV,0.955,10,100,19.0,0.0084,64.8,LA
2006-11-06 21:55:00,761199,7,210,E,HV,1.36,10,100,12.0,0.0054,65.3,LA
2006-11-06 21:55:00,761206,7,210,E,ML,1.36,40,100,174.0,0.0158,67.7,LA
2006-11-06 21:55:00,761214,7,210,E,HV,0.815,10,100,17.0,0.0083,64.8,LA
2006-11-06 21:55:00,761220,7,210,E,ML,0.815,40,100,295.0,0.0479,70.3,LA
2006-11-06 21:55:00,761222,7,210,E,HV,0.755,10,100,9.0,0.0145,61.2,LA
2006-11-06 21:55:00,761240,7,210,E,HV,0.565,10,100,13.0,0.0054,65.5,LA
2006-11-06 21:55:00,761318,7,210,W,HV,0.56,10,100,5.0,0.0026,65.2,LA
2006-11-06 21:55:00,761322,7,210,W,HV,0.955,10,100,42.0,0.0185,65.2,LA
2006-11-06 21:55:00,761325,7,210,W,HV,0.805,8,100,6.0,0.0026,65.7,LA
2006-11-06 21:55:00,761329,7,210,W,HV,0.43,10,100,10.0,0.0044,65.0,LA
2006-11-06 21:55:00,761353,7,210,W,HV,0.925,10,100,6.0,0.0035,65.0,LA
2006-11-06 21:55:00,761356,7,210,W,ML,0.925,40,75,178.0,0.0334,63.1,LA
2006-11-06 21:55:00,761363,7,210,W,HV,0.68,9,100,13.0,0.0058,64.9,LA
2006-11-06 21:55:00,761380,7,210,W,HV,1.33,10,100,10.0,0.0043,65.1,LA
2006-11-06 21:55:00,761384,7,210,W,HV,0.544,10,100,7.0,0.0041,65.0,LA
2006-11-06 21:55:00,761386,7,210,W,HV,0.375,10,100,12.0,0.0055,65.1,LA
2006-11-06 21:55:00,761388,7,210,W,HV,0.37,10,100,12.0,0.0054,65.0,LA
2006-11-06 21:55:00,761390,7,210,W,HV,0.94,9,100,13.0,0.0061,65.0,LA
2006-11-06 21:55:00,761396,7,210,W,HV,2.2,10,100,12.0,0.005,65.1,LA
2006-11-06 21:55:00,761435,7,405,N,HV,0.355,10,100,8.0,0.0032,65.2,LA
2006-11-06 21:55:00,761441,7,405,N,HV,0.52,10,100,13.0,0.0057,65.1,LA
2006-11-06 21:55:00,761444,7,405,N,HV,0.505,10,100,14.0,0.0061,65.0,LA
2006-11-06 21:55:00,761445,7,405,S,HV,0.27,10,100,18.0,0.008,65.0,LA
2006-11-06 21:55:00,761452,7,405,N,HV,0.235,10,100,17.0,0.0078,65.0,LA
2006-11-06 21:55:00,761455,7,405,N,ML,0.235,40,100,237.0,0.0306,69.7,LA
2006-11-06 21:55:00,761482,7,405,N,ML,0.667,60,100,328.0,0.0275,71.1,LA
2006-11-06 21:55:00,761492,7,405,N,ML,0.34,40,100,248.0,0.0332,70.2,LA
2006-11-06 21:55:00,761531,7,405,S,HV,0.48,10,100,16.0,0.0074,64.9,LA
2006-11-06 21:55:00,761532,7,405,N,HV,0.615,10,100,12.0,0.0056,64.9,LA
2006-11-06 21:55:00,761538,7,405,S,HV,0.41,10,100,4.0,0.0015,65.0,LA
2006-11-06 21:55:00,761541,7,405,S,ML,0.515,40,100,310.0,0.0417,70.0,LA
2006-11-06 21:55:00,761548,7,405,S,HV,0.255,10,100,4.0,0.0018,65.0,LA
2006-11-06 21:55:00,761552,7,405,S,ML,0.325,40,100,309.0,0.0411,67.6,LA
2006-11-06 21:55:00,761599,7,5,N,ML,1.17,49,100,257.0,0.0499,62.6,LA
2006-11-06 21:55:00,761644,7,5,N,ML,0.415,40,75,290.0,0.0391,70.5,LA
2006-11-06 21:55:00,761675,7,605,N,ML,0.435,40,100,210.0,0.0297,68.7,LA
2006-11-06 21:55:00,761734,7,710,N,ML,0.545,50,100,339.0,0.0529,69.2,LA
2006-11-06 21:55:00,761776,7,710,S,ML,0.75,40,100,227.0,0.0401,66.0,LA
2006-11-06 21:55:00,761844,7,605,N,ML,0.725,40,100,238.0,0.0297,67.9,LA
2006-11-06 21:55:00,761851,7,710,S,ML,0.45,60,83,313.0,0.036,64.1,LA
2006-11-06 21:55:00,762329,7,2,W,ML,0.4,39,100,85.0,0.0123,65.7,LA
2006-11-06 21:55:00,762347,7,5,N,ML,0.35,40,100,237.0,0.0311,64.9,LA
2006-11-06 21:55:00,762353,7,5,N,ML,0.48,40,100,227.0,0.0326,69.5,LA
2006-11-06 21:55:00,762404,7,10,E,HV,2.746,10,100,1.0,0.0014,64.6,LA
2006-11-06 21:55:00,762405,7,10,W,HV,2.621,10,100,3.0,0.0027,64.7,LA
2006-11-06 21:55:00,762423,7,10,W,HV,0.37,10,100,8.0,0.0044,64.6,LA
2006-11-06 21:55:00,762436,7,10,W,HV,0.3,10,100,9.0,0.0057,64.6,LA
2006-11-06 21:55:00,762449,7,10,E,HV,0.685,10,100,27.0,0.0108,66.2,LA
2006-11-06 21:55:00,762451,7,10,E,HV,0.559,10,100,16.0,0.0185,59.4,LA
2006-11-06 21:55:00,762453,7,10,E,HV,0.47,9,100,26.0,0.0607,19.8,LA
2006-11-06 21:55:00,762455,7,10,E,HV,0.535,10,100,21.0,0.0129,64.6,LA
2006-11-06 21:55:00,762457,7,10,E,HV,0.51,10,100,18.0,0.0078,65.1,LA
2006-11-06 21:55:00,762459,7,10,E,HV,0.46,10,100,19.0,0.009,64.8,LA
2006-11-06 21:55:00,762461,7,10,E,HV,0.525,10,100,19.0,0.008,65.5,LA
2006-11-06 21:55:00,762470,7,10,W,HV,0.465,7,100,9.0,0.0047,64.9,LA
2006-11-06 21:55:00,762474,7,10,W,HV,0.37,10,100,6.0,0.0041,64.7,LA
2006-11-06 21:55:00,762480,7,10,W,HV,0.385,20,100,41.0,0.0089,67.9,LA
2006-11-06 21:55:00,762482,7,10,W,HV,0.29,10,100,18.0,0.0065,65.6,LA
2006-11-06 21:55:00,762484,7,10,W,HV,0.395,10,100,8.0,0.0036,65.0,LA
2006-11-06 21:55:00,762486,7,10,W,HV,0.499,10,100,22.0,0.0098,65.2,LA
2006-11-06 21:55:00,762488,7,10,W,HV,0.506,10,100,15.0,0.0069,64.8,LA
2006-11-06 21:55:00,762491,7,10,W,HV,0.425,10,100,14.0,0.0077,64.6,LA
2006-11-06 21:55:00,762492,7,10,E,HV,0.42,10,100,19.0,0.0094,64.6,LA
2006-11-06 21:55:00,762494,7,10,W,HV,0.48,10,100,13.0,0.006,64.9,LA
2006-11-06 21:55:00,762496,7,10,W,HV,0.5,10,100,11.0,0.0046,65.0,LA
2006-11-06 21:55:00,762498,7,10,W,HV,0.319,10,100,11.0,0.0049,65.2,LA
2006-11-06 21:55:00,762500,7,10,W,HV,0.441,10,100,13.0,0.0061,65.0,LA
2006-11-06 21:55:00,762504,7,10,W,HV,0.48,13,100,23.0,0.0072,64.5,LA
2006-11-06 21:55:00,762517,7,405,N,HV,0.85,10,100,14.0,0.0066,64.4,LA
2006-11-06 21:55:00,762518,7,405,S,HV,0.75,10,100,15.0,0.0068,65.0,LA
2006-11-06 21:55:00,762520,7,405,N,HV,0.565,10,100,14.0,0.0062,65.0,LA
2006-11-06 21:55:00,762523,7,405,N,HV,0.675,10,100,15.0,0.0069,65.1,LA
2006-11-06 21:55:00,762526,7,405,N,HV,0.505,10,100,17.0,0.0083,65.1,LA
2006-11-06 21:55:00,762528,7,405,N,HV,0.175,10,100,17.0,0.0079,65.2,LA
2006-11-06 21:55:00,762531,7,405,N,HV,0.325,10,100,18.0,0.008,64.9,LA
2006-11-06 21:55:00,762533,7,405,N,HV,0.447,10,100,17.0,0.006,65.0,LA
2006-11-06 21:55:00,762538,7,405,N,HV,0.735,10,100,14.0,0.0072,64.5,LA
2006-11-06 21:55:00,762541,7,405,N,HV,0.725,10,100,10.0,0.0049,65.1,LA
2006-11-06 21:55:00,762543,7,405,N,HV,0.985,10,100,11.0,0.0051,65.0,LA
2006-11-06 21:55:00,762552,7,405,N,HV,0.43,10,100,15.0,0.0066,64.9,LA
2006-11-06 21:55:00,762553,7,405,S,HV,0.49,10,100,18.0,0.0079,65.0,LA
2006-11-06 21:55:00,762559,7,405,N,HV,0.41,10,100,17.0,0.0081,64.9,LA
2006-11-06 21:55:00,762561,7,405,N,HV,2.605,10,100,17.0,0.0074,64.9,LA
2006-11-06 21:55:00,762565,7,405,N,HV,0.45,10,100,19.0,0.0086,64.9,LA
2006-11-06 21:55:00,762567,7,405,N,HV,0.78,10,100,22.0,0.0093,65.0,LA
2006-11-06 21:55:00,762569,7,405,N,HV,0.86,10,100,22.0,0.0097,64.9,LA
2006-11-06 21:55:00,762571,7,405,N,HV,0.835,10,100,13.0,0.0059,64.9,LA
2006-11-06 21:55:00,762576,7,405,S,HV,0.45,10,100,12.0,0.0187,58.8,LA
2006-11-06 21:55:00,762578,7,405,S,HV,0.645,9,100,14.0,0.0061,65.0,LA
2006-11-06 21:55:00,762580,7,405,S,HV,0.475,10,100,14.0,0.0066,64.8,LA
2006-11-06 21:55:00,762582,7,405,S,HV,0.275,10,100,18.0,0.0078,53.8,LA
2006-11-06 21:55:00,762586,7,405,S,HV,0.507,9,100,22.0,0.0101,65.2,LA
2006-11-06 21:55:00,762592,7,405,S,HV,0.535,10,100,21.0,0.0092,64.9,LA
2006-11-06 21:55:00,762594,7,405,S,HV,0.705,10,100,19.0,0.0082,65.0,LA
2006-11-06 21:55:00,762596,7,405,S,HV,0.71,10,100,19.0,0.008,65.0,LA
2006-11-06 21:55:00,762598,7,405,S,HV,0.93,10,100,12.0,0.0049,65.2,LA
2006-11-06 21:55:00,762602,7,405,S,HV,0.73,10,100,5.0,0.002,65.0,LA
2006-11-06 21:55:00,762604,7,405,S,HV,0.595,10,100,3.0,0.001,65.0,LA
2006-11-06 21:55:00,762606,7,405,S,HV,0.67,10,100,2.0,0.001,64.8,LA
2006-11-06 21:55:00,762608,7,405,S,HV,2.488,10,100,2.0,0.001,64.9,LA
2006-11-06 21:55:00,762610,7,605,N,HV,0.245,10,100,6.0,0.0027,64.4,LA
2006-11-06 21:55:00,762612,7,605,N,HV,0.26,10,100,59.0,0.0482,55.5,LA
2006-11-06 21:55:00,762616,7,605,N,HV,0.585,10,100,6.0,0.0026,65.1,LA
2006-11-06 21:55:00,762619,7,605,N,HV,0.557,10,100,19.0,0.0078,65.0,LA
2006-11-06 21:55:00,762624,7,605,N,HV,0.324,10,100,19.0,0.0077,65.3,LA
2006-11-06 21:55:00,762627,7,605,N,HV,0.291,10,100,21.0,0.0092,65.1,LA
2006-11-06 21:55:00,762631,7,605,N,HV,0.473,10,100,18.0,0.0078,64.5,LA
2006-11-06 21:55:00,762634,7,605,N,HV,0.562,9,100,7.0,0.0177,58.7,LA
2006-11-06 21:55:00,762637,7,605,N,HV,0.26,9,100,16.0,0.0067,65.1,LA
2006-11-06 21:55:00,762643,7,605,N,HV,1.201,10,100,16.0,0.0069,65.0,LA
2006-11-06 21:55:00,762645,7,605,N,HV,2.568,10,100,15.0,0.0067,62.3,LA
2006-11-06 21:55:00,762648,7,605,S,HV,0.535,10,100,5.0,0.0022,64.8,LA
2006-11-06 21:55:00,762649,7,605,N,HV,0.54,10,100,4.0,0.0017,65.1,LA
2006-11-06 21:55:00,762655,7,605,S,HV,0.225,10,100,4.0,0.0022,64.3,LA
2006-11-06 21:55:00,762657,7,605,S,HV,0.275,10,100,6.0,0.0025,63.1,LA
2006-11-06 21:55:00,762659,7,605,S,HV,0.275,10,100,4.0,0.0014,65.2,LA
2006-11-06 21:55:00,762661,7,605,S,HV,0.29,10,100,3.0,0.0019,65.0,LA
2006-11-06 21:55:00,762663,7,605,S,HV,0.52,10,100,5.0,0.0026,65.1,LA
2006-11-06 21:55:00,762665,7,605,S,HV,0.632,10,100,8.0,0.0035,65.1,LA
2006-11-06 21:55:00,762667,7,605,S,HV,0.705,10,100,5.0,0.0021,65.0,LA
2006-11-06 21:55:00,762671,7,605,S,HV,0.58,10,100,5.0,0.0022,65.0,LA
2006-11-06 21:55:00,762673,7,605,S,HV,0.305,10,100,7.0,0.0032,64.9,LA
2006-11-06 21:55:00,762675,7,605,S,HV,0.307,10,100,7.0,0.003,65.0,LA
2006-11-06 21:55:00,762678,7,605,S,HV,0.453,10,100,7.0,0.0034,64.8,LA
2006-11-06 21:55:00,762679,7,605,N,HV,0.5,10,100,18.0,0.0085,64.4,LA
2006-11-06 21:55:00,762681,7,605,S,HV,0.455,10,100,7.0,0.0029,64.6,LA
2006-11-06 21:55:00,762685,7,605,S,HV,0.385,10,100,11.0,0.0049,65.0,LA
2006-11-06 21:55:00,762686,7,605,N,HV,0.385,10,100,17.0,0.0072,65.2,LA
2006-11-06 21:55:00,762688,7,605,S,HV,0.26,10,100,9.0,0.004,63.9,LA
2006-11-06 21:55:00,763243,7,110,S,HV,1.06,18,100,73.0,0.018,65.9,LA
2006-11-06 21:55:00,763246,7,110,S,ML,0.315,36,100,335.0,0.0525,68.5,LA
2006-11-06 21:55:00,763251,7,110,S,ML,0.745,40,75,332.0,0.051,65.8,LA
2006-11-06 21:55:00,763256,7,110,S,HV,1.22,20,100,74.0,0.0142,65.4,LA
2006-11-06 21:55:00,763259,7,110,S,ML,0.765,40,100,427.0,0.0657,60.0,LA
2006-11-06 21:55:00,763272,7,110,S,HV,0.485,20,100,64.0,0.0134,65.2,LA
2006-11-06 21:55:00,763275,7,110,S,ML,0.6,40,100,412.0,0.0524,66.1,LA
2006-11-06 21:55:00,763280,7,110,N,HV,0.555,20,100,64.0,0.0143,64.3,LA
2006-11-06 21:55:00,763283,7,110,S,HV,0.35,20,100,50.0,0.0192,60.1,LA
2006-11-06 21:55:00,763286,7,110,S,ML,0.35,40,100,326.0,0.0476,64.6,LA
2006-11-06 21:55:00,763291,7,110,S,HV,1.355,18,100,63.0,0.0409,56.4,LA
2006-11-06 21:55:00,763294,7,110,S,ML,0.4,36,100,432.0,0.0617,71.3,LA
2006-11-06 21:55:00,763299,7,110,S,ML,0.42,40,100,217.0,0.029,69.8,LA
2006-11-06 21:55:00,763304,7,110,N,ML,0.58,40,100,157.0,0.0208,69.9,LA
2006-11-06 21:55:00,763336,7,10,E,ML,0.285,40,100,364.0,0.0471,69.8,LA
2006-11-06 21:55:00,763354,7,110,N,ML,0.51,54,33,267.0,0.0342,64.6,LA
2006-11-06 21:55:00,763372,7,110,N,ML,0.345,36,100,163.0,0.0212,71.0,LA
2006-11-06 21:55:00,763377,7,110,S,ML,0.775,45,67,406.0,0.0374,69.6,LA
2006-11-06 21:55:00,763384,7,110,N,ML,0.43,40,75,318.0,0.0595,65.0,LA
2006-11-06 21:55:00,763389,7,110,N,HV,2.57,20,100,66.0,0.0154,65.1,LA
2006-11-06 21:55:00,763392,7,110,N,ML,0.33,40,100,326.0,0.0523,68.1,LA
2006-11-06 21:55:00,763397,7,110,N,HV,0.35,20,100,56.0,0.0184,62.3,LA
2006-11-06 21:55:00,763400,7,110,N,ML,0.625,40,100,269.0,0.0555,62.4,LA
2006-11-06 21:55:00,763405,7,110,N,HV,0.55,20,100,48.0,0.0123,62.0,LA
2006-11-06 21:55:00,763408,7,110,N,ML,0.83,40,100,249.0,0.0379,61.3,LA
2006-11-06 21:55:00,763413,7,110,S,HV,0.39,20,100,68.0,0.015,64.2,LA
2006-11-06 21:55:00,763416,7,110,N,HV,0.42,20,100,167.0,0.0373,61.0,LA
2006-11-06 21:55:00,763419,7,110,N,ML,0.42,40,100,300.0,0.0378,69.0,LA
2006-11-06 21:55:00,763424,7,110,N,ML,0.595,40,100,493.0,0.07,68.7,LA
2006-11-06 21:55:00,763429,7,110,N,ML,0.415,40,100,326.0,0.045,67.3,LA
2006-11-06 21:55:00,763434,7,110,N,ML,0.42,40,100,316.0,0.0491,64.2,LA
2006-11-06 21:55:00,763439,7,110,N,ML,0.565,36,75,336.0,0.0764,58.5,LA
2006-11-06 21:55:00,763447,7,110,S,ML,0.4,36,80,373.0,0.0408,68.9,LA
2006-11-06 21:55:00,763453,7,10,E,ML,0.65,40,100,409.0,0.0673,68.6,LA
2006-11-06 21:55:00,763458,7,10,E,ML,0.595,50,100,484.0,0.0631,75.1,LA
2006-11-06 21:55:00,763464,7,605,N,HV,0.24,10,100,9.0,0.0037,65.1,LA
2006-11-06 21:55:00,763466,7,91,W,HV,0.445,10,100,15.0,0.0066,65.1,LA
2006-11-06 21:55:00,763475,7,605,S,HV,0.55,9,100,6.0,0.0026,65.0,LA
2006-11-06 21:55:00,763485,7,10,W,ML,0.58,40,100,253.0,0.041,71.7,LA
2006-11-06 21:55:00,763498,7,110,N,ML,0.785,30,100,67.0,0.0156,68.2,LA
2006-11-06 21:55:00,763502,7,110,N,ML,0.865,40,100,98.0,0.0154,66.7,LA
2006-11-06 21:55:00,763507,7,110,N,ML,0.665,36,100,109.0,0.0198,65.9,LA
2006-11-06 21:55:00,763517,7,110,N,ML,0.715,40,100,152.0,0.0239,70.2,LA
2006-11-06 21:55:00,763522,7,110,N,ML,0.73,39,100,153.0,0.0275,63.5,LA
2006-11-06 21:55:00,763527,7,110,N,ML,1.19,39,100,142.0,0.0234,68.1,LA
2006-11-06 21:55:00,763551,7,57,N,HV,2.677,10,100,57.0,0.0375,68.5,LA
2006-11-06 21:55:00,763553,7,57,N,ML,1.112,40,100,273.0,0.0329,69.8,LA
2006-11-06 21:55:00,763558,7,57,N,ML,1.38,40,100,203.0,0.0275,68.8,LA
2006-11-06 21:55:00,763563,7,57,N,ML,0.54,40,100,197.0,0.0287,65.9,LA
2006-11-06 21:55:00,763568,7,57,N,ML,0.57,50,40,300.0,0.0386,59.7,LA
2006-11-06 21:55:00,763573,7,57,S,ML,0.664,40,100,112.0,0.0155,72.3,LA
2006-11-06 21:55:00,763578,7,57,S,ML,0.618,40,100,122.0,0.0171,69.5,LA
2006-11-06 21:55:00,763583,7,57,S,ML,1.486,30,100,132.0,0.0279,73.0,LA
2006-11-06 21:55:00,763602,7,91,E,HV,0.45,9,100,0.0,0.0,65.0,LA
2006-11-06 21:55:00,763604,7,91,E,HV,2.688,10,100,1.0,0.0004,65.2,LA
2006-11-06 21:55:00,763606,7,134,E,HV,1.765,10,100,8.0,0.0036,64.9,LA
2006-11-06 21:55:00,763608,7,134,E,HV,0.83,10,100,7.0,0.0029,65.0,LA
2006-11-06 21:55:00,763610,7,134,W,HV,0.645,10,100,5.0,0.0023,64.9,LA
2006-11-06 21:55:00,763612,7,134,W,HV,1.755,9,100,7.0,0.0029,65.3,LA
2006-11-06 21:55:00,763616,7,605,S,ML,1.0,40,100,98.0,0.0143,66.2,LA
2006-11-06 21:55:00,763621,7,110,S,ML,0.51,40,100,253.0,0.0345,64.1,LA
2006-11-06 21:55:00,763626,7,110,N,ML,0.63,40,100,250.0,0.0368,64.9,LA
2006-11-06 21:55:00,763649,7,57,S,ML,0.6,40,50,221.0,0.0293,66.8,LA
2006-11-06 21:55:00,763663,7,110,N,ML,0.75,50,100,185.0,0.0219,68.2,LA
2006-11-06 21:55:00,763679,7,605,S,HV,0.56,10,100,5.0,0.002,64.9,LA
2006-11-06 21:55:00,763695,7,10,E,ML,0.46,50,80,312.0,0.0399,65.4,LA
2006-11-06 21:55:00,763706,7,5,S,ML,0.505,30,67,248.0,0.0538,65.3,LA
2006-11-06 21:55:00,763710,7,105,W,HV,0.75,10,100,7.0,0.0037,65.3,LA
2006-11-06 21:55:00,763712,7,105,W,ML,0.1,30,100,191.0,0.0303,70.7,LA
2006-11-06 21:55:00,763716,7,105,W,HV,0.45,10,100,27.0,0.0131,65.3,LA
2006-11-06 21:55:00,763720,7,110,N,ML,0.405,40,100,163.0,0.021,69.6,LA
2006-11-06 21:55:00,763731,7,10,W,ML,0.451,40,100,258.0,0.0425,68.5,LA
2006-11-06 21:55:00,763748,7,5,S,ML,0.3,30,100,198.0,0.0686,56.6,LA
2006-11-06 21:55:00,763963,7,10,E,ML,0.25,40,100,353.0,0.0445,69.7,LA
2006-11-06 21:55:00,763985,7,5,N,ML,0.635,40,100,273.0,0.0459,70.4,LA
2006-11-06 21:55:00,763990,7,5,S,ML,0.59,40,100,297.0,0.0388,77.4,LA
2006-11-06 21:55:00,764019,7,605,S,HV,0.25,10,100,11.0,0.0075,64.8,LA
2006-11-06 21:55:00,764021,7,605,S,ML,0.25,40,100,245.0,0.0445,68.8,LA
2006-11-06 21:55:00,764032,7,110,N,ML,0.68,50,100,437.0,0.0532,73.3,LA
2006-11-06 21:55:00,764037,7,110,S,ML,0.68,50,100,463.0,0.0518,74.2,LA
2006-11-06 21:55:00,764072,7,118,E,ML,0.405,22,67,108.0,0.0973,45.0,LA
2006-11-06 21:55:00,764076,7,118,W,ML,0.39,30,100,88.0,0.0157,66.9,LA
2006-11-06 21:55:00,764101,7,170,S,ML,2.696,30,50,204.0,0.0296,67.8,LA
2006-11-06 21:55:00,764106,7,170,N,ML,0.67,40,50,295.0,0.057,60.9,LA
2006-11-06 21:55:00,764115,7,170,N,ML,0.795,40,100,218.0,0.0305,69.5,LA
2006-11-06 21:55:00,764125,7,10,E,ML,0.065,30,100,222.0,0.0408,66.1,LA
2006-11-06 21:55:00,764130,7,10,E,ML,0.215,40,75,286.0,0.0458,63.5,LA
2006-11-06 21:55:00,764137,7,210,W,ML,0.36,60,100,356.0,0.0495,57.7,LA
2006-11-06 21:55:00,764144,7,210,W,HV,0.515,10,100,8.0,0.0043,64.9,LA
2006-11-06 21:55:00,764146,7,210,W,ML,0.515,39,100,161.0,0.04,63.3,LA
2006-11-06 21:55:00,764177,7,118,W,ML,0.43,30,100,113.0,0.0217,68.1,LA
2006-11-06 21:55:00,764181,7,118,E,ML,0.49,30,100,91.0,0.0175,67.6,LA
2006-11-06 21:55:00,764193,7,118,E,ML,0.47,30,67,137.0,0.0324,64.7,LA
2006-11-06 21:55:00,764197,7,118,W,ML,0.405,30,100,115.0,0.0242,66.4,LA
2006-11-06 21:55:00,764201,7,10,W,ML,0.425,40,100,351.0,0.0469,76.6,LA
2006-11-06 21:55:00,764206,7,10,W,ML,0.475,40,75,253.0,0.0406,68.5,LA
2006-11-06 21:55:00,764211,7,10,E,ML,0.595,50,100,339.0,0.043,69.5,LA
2006-11-06 21:55:00,764217,7,10,E,ML,0.513,40,100,363.0,0.0686,69.3,LA
2006-11-06 21:55:00,764222,7,10,E,ML,0.49,40,100,287.0,0.0398,69.6,LA
2006-11-06 21:55:00,764227,7,10,W,ML,0.44,40,100,261.0,0.0391,70.5,LA
2006-11-06 21:55:00,764232,7,5,N,ML,0.4,30,100,154.0,0.034,63.6,LA
2006-11-06 21:55:00,764236,7,5,N,ML,0.535,40,50,299.0,0.0447,64.9,LA
2006-11-06 21:55:00,764262,7,14,N,ML,2.662,30,100,202.0,0.0374,64.3,LA
2006-11-06 21:55:00,764267,7,14,N,HV,0.965,10,100,23.0,0.0091,66.3,LA
2006-11-06 21:55:00,764269,7,14,N,ML,0.965,30,100,378.0,0.0456,78.8,LA
2006-11-06 21:55:00,764288,7,14,S,HV,0.83,10,100,14.0,0.0063,65.2,LA
2006-11-06 21:55:00,764290,7,14,S,ML,0.83,30,67,90.0,0.0245,65.5,LA
2006-11-06 21:55:00,764297,7,14,S,ML,1.3,30,100,86.0,0.021,66.7,LA
2006-11-06 21:55:00,764302,7,14,N,HV,1.42,10,100,49.0,0.0195,66.3,LA
2006-11-06 21:55:00,764304,7,14,N,ML,1.42,30,100,268.0,0.0378,76.7,LA
2006-11-06 21:55:00,764417,7,5,S,ML,0.25,40,100,245.0,0.0392,67.3,LA
2006-11-06 21:55:00,764424,7,170,N,ML,0.6,40,75,242.0,0.0399,61.9,LA
2006-11-06 21:55:00,764425,7,91,W,ML,0.698,20,67,73.0,0.0183,65.1,LA
2006-11-06 21:55:00,764430,7,170,N,ML,0.606,20,100,198.0,0.0638,67.5,LA
2006-11-06 21:55:00,764435,7,5,N,ML,0.36,40,100,284.0,0.0466,67.8,LA
2006-11-06 21:55:00,764556,7,405,S,HV,0.815,10,100,21.0,0.0094,65.3,LA
2006-11-06 21:55:00,764565,7,405,N,HV,0.58,10,100,10.0,0.0047,64.6,LA
2006-11-06 21:55:00,764578,7,405,S,ML,0.39,39,100,288.0,0.053,58.5,LA
2006-11-06 21:55:00,764583,7,405,N,ML,0.39,40,75,320.0,0.0467,64.2,LA
2006-11-06 21:55:00,764588,7,405,S,HV,2.555,10,100,7.0,0.0033,64.9,LA
2006-11-06 21:55:00,764590,7,405,S,ML,0.143,50,100,306.0,0.0315,69.0,LA
2006-11-06 21:55:00,764604,7,405,S,ML,0.33,40,100,288.0,0.038,69.8,LA
2006-11-06 21:55:00,764609,7,405,S,HV,0.52,10,100,15.0,0.0068,65.0,LA
2006-11-06 21:55:00,764615,7,405,S,HV,0.47,10,100,7.0,0.0032,64.1,LA
2006-11-06 21:55:00,764617,7,101,N,ML,0.95,40,75,177.0,0.0286,68.2,LA
2006-11-06 21:55:00,764632,7,101,S,ML,0.56,40,100,148.0,0.0218,66.0,LA
2006-11-06 21:55:00,764637,7,101,S,ML,0.515,36,75,142.0,0.0254,67.0,LA
2006-11-06 21:55:00,764641,7,101,S,ML,0.65,40,100,117.0,0.0212,65.9,LA
2006-11-06 21:55:00,764665,7,405,S,HV,0.26,10,100,12.0,0.0037,65.0,LA
2006-11-06 21:55:00,764667,7,405,N,HV,0.415,10,100,15.0,0.0097,64.9,LA
2006-11-06 21:55:00,764671,7,405,S,ML,0.505,40,100,419.0,0.0892,56.7,LA
2006-11-06 21:55:00,764676,7,405,N,HV,0.285,10,100,16.0,0.007,64.4,LA
2006-11-06 21:55:00,764754,7,405,S,ML,0.425,50,100,299.0,0.0427,66.7,LA
2006-11-06 21:55:00,764760,7,101,N,ML,0.19,50,100,351.0,0.0319,64.6,LA
2006-11-06 21:55:00,764766,7,101,S,ML,0.365,50,100,281.0,0.0307,66.1,LA
2006-11-06 21:55:00,764781,7,101,S,ML,0.907,40,100,280.0,0.0383,72.2,LA
2006-11-06 21:55:00,764794,7,101,N,ML,0.695,40,100,272.0,0.0388,67.6,LA
2006-11-06 21:55:00,764803,7,101,N,ML,0.93,40,100,155.0,0.0198,68.5,LA
2006-11-06 21:55:00,764808,7,101,N,ML,0.425,50,100,182.0,0.0171,72.9,LA
2006-11-06 21:55:00,764819,7,101,N,ML,1.115,40,100,172.0,0.0246,67.3,LA
2006-11-06 21:55:00,764824,7,101,S,ML,0.625,40,100,99.0,0.0153,69.0,LA
2006-11-06 21:55:00,764829,7,101,N,ML,1.23,40,100,135.0,0.0195,68.9,LA
2006-11-06 21:55:00,764834,7,101,S,ML,0.775,40,100,100.0,0.0156,69.1,LA
2006-11-06 21:55:00,764839,7,101,N,ML,1.0,30,100,142.0,0.0261,64.7,LA
2006-11-06 21:55:00,764848,7,101,S,ML,0.89,40,50,129.0,0.02,67.0,LA
2006-11-06 21:55:00,764853,7,101,S,ML,2.625,40,100,291.0,0.0442,65.7,LA
2006-11-06 21:55:00,764858,7,101,N,ML,0.239,30,100,632.0,0.0733,66.2,LA
2006-11-06 21:55:00,764863,7,101,N,ML,0.96,30,67,188.0,0.0384,64.2,LA
2006-11-06 21:55:00,764868,7,101,S,ML,0.545,40,100,121.0,0.01,68.8,LA
2006-11-06 21:55:00,764874,7,101,S,ML,0.61,30,100,175.0,0.0258,70.4,LA
2006-11-06 21:55:00,764879,7,101,N,ML,0.585,30,100,197.0,0.0358,71.4,LA
2006-11-06 21:55:00,764885,7,101,S,ML,0.605,40,100,142.0,0.0152,70.7,LA
2006-11-06 21:55:00,764891,7,101,N,ML,0.54,40,100,203.0,0.0241,71.9,LA
2006-11-06 21:55:00,764900,7,101,N,ML,0.76,30,100,203.0,0.032,68.7,LA
2006-11-06 21:55:00,764905,7,101,S,ML,2.3,30,100,70.0,0.0172,66.0,LA
2006-11-06 21:55:00,764910,7,101,N,ML,0.415,30,100,178.0,0.0283,71.9,LA
2006-11-06 21:55:00,764915,7,101,N,ML,1.475,40,100,174.0,0.0197,75.6,LA
2006-11-06 21:55:00,764949,7,101,N,ML,0.775,34,25,383.0,0.0663,63.3,LA
2006-11-06 21:55:00,764958,7,101,N,ML,0.54,40,100,167.0,0.0238,66.4,LA
2006-11-06 21:55:00,765098,7,10,E,ML,0.37,40,100,261.0,0.0343,61.2,LA
2006-11-06 21:55:00,765099,7,101,N,ML,0.225,60,100,442.0,0.0439,67.8,LA
2006-11-06 21:55:00,765101,7,101,N,ML,0.71,40,100,148.0,0.0187,76.4,LA
2006-11-06 21:55:00,765106,7,101,S,ML,0.82,20,67,135.0,0.0234,68.2,LA
2006-11-06 21:55:00,765150,7,101,S,ML,0.565,40,80,149.0,0.0228,68.1,LA
2006-11-06 21:55:00,765153,7,405,S,ML,0.645,40,100,352.0,0.0507,67.8,LA
2006-11-06 21:55:00,765164,7,101,N,ML,0.335,40,50,289.0,0.0466,66.9,LA
2006-11-06 21:55:00,765169,7,405,S,HV,0.83,10,100,5.0,0.0021,64.9,LA
2006-11-06 21:55:00,765171,7,405,S,ML,0.495,40,100,221.0,0.0338,65.8,LA
2006-11-06 21:55:00,765176,7,101,N,ML,0.31,50,100,344.0,0.0404,63.7,LA
2006-11-06 21:55:00,765182,7,101,N,ML,0.86,40,100,305.0,0.0396,66.0,LA
2006-11-06 21:55:00,765263,7,405,S,HV,0.29,10,100,10.0,0.0203,59.2,LA
2006-11-06 21:55:00,765265,7,405,S,ML,0.29,40,100,197.0,0.0287,69.2,LA
2006-11-06 21:55:00,765451,7,10,E,ML,0.45,40,100,527.0,0.059,78.3,LA
2006-11-06 21:55:00,765456,7,60,W,ML,2.837,39,75,148.0,0.0446,56.2,LA
2006-11-06 21:55:00,765461,7,60,W,ML,0.494,39,100,152.0,0.0296,63.8,LA
2006-11-06 21:55:00,765467,7,91,E,ML,0.45,50,100,240.0,0.0311,69.8,LA
2006-11-06 21:55:00,765472,7,101,N,ML,0.6,40,100,144.0,0.021,67.9,LA
2006-11-06 21:55:00,765476,7,105,E,ML,0.48,27,100,219.0,0.0411,57.7,LA
2006-11-06 21:55:00,765477,7,210,E,ML,0.462,39,100,238.0,0.0426,66.2,LA
2006-11-06 21:55:00,765501,7,605,S,ML,1.231,40,75,150.0,0.0184,68.7,LA
2006-11-06 21:55:00,765508,7,10,E,HV,0.565,10,100,8.0,0.0059,64.7,LA
2006-11-06 21:55:00,765591,7,91,W,ML,0.36,36,100,152.0,0.0271,66.8,LA
2006-11-06 21:55:00,765604,7,170,N,ML,2.696,40,100,249.0,0.0341,66.9,LA
2006-11-06 21:55:00,765605,7,170,N,HV,2.696,10,100,10.0,0.0047,64.9,LA
2006-11-06 21:55:00,765608,7,170,N,HV,0.67,10,100,9.0,0.0041,64.9,LA
2006-11-06 21:55:00,765610,7,170,N,HV,0.6,10,100,9.0,0.0064,64.5,LA
2006-11-06 21:55:00,765612,7,170,N,HV,0.795,10,100,9.0,0.0042,64.9,LA
2006-11-06 21:55:00,765618,7,170,N,HV,0.606,10,100,28.0,0.0142,64.5,LA
2006-11-06 21:55:00,765793,7,91,W,HV,0.775,10,100,2.0,0.0009,67.1,LA
2006-11-06 21:55:00,766209,7,91,E,ML,0.58,50,100,313.0,0.041,72.7,LA
2006-11-06 21:55:00,766210,7,91,E,HV,0.58,10,100,5.0,0.0016,65.2,LA
2006-11-06 21:55:00,766211,7,91,W,ML,0.58,20,67,170.0,0.0458,61.6,LA
2006-11-06 21:55:00,766212,7,91,W,HV,0.58,10,100,20.0,0.0084,64.7,LA
2006-11-06 21:55:00,766508,7,605,N,HV,0.41,10,100,4.0,0.0019,65.0,LA
2006-11-06 21:55:00,766510,7,605,N,HV,0.3,10,100,4.0,0.0016,65.2,LA
2006-11-06 21:55:00,766512,7,605,N,HV,0.47,10,100,3.0,0.0013,65.1,LA
2006-11-06 21:55:00,766514,7,605,N,HV,0.325,10,100,3.0,0.0015,65.0,LA
2006-11-06 21:55:00,766516,7,605,N,HV,0.445,10,100,4.0,0.0014,64.9,LA
2006-11-06 21:55:00,766518,7,605,N,HV,0.445,10,100,4.0,0.0018,65.0,LA
2006-11-06 21:55:00,766520,7,605,N,HV,0.315,10,100,4.0,0.0019,64.0,LA
2006-11-06 21:55:00,766522,7,605,S,HV,2.114,10,100,7.0,0.0024,64.7,LA
2006-11-06 21:55:00,766525,7,605,S,HV,0.41,10,100,6.0,0.003,65.0,LA
2006-11-06 21:55:00,766528,7,605,S,HV,0.305,10,100,5.0,0.0019,65.0,LA
2006-11-06 21:55:00,766530,7,605,S,HV,0.47,10,100,6.0,0.0023,65.0,LA
2006-11-06 21:55:00,766534,7,605,S,HV,0.445,10,100,4.0,0.0021,64.9,LA
2006-11-06 21:55:00,766536,7,605,S,HV,0.45,10,100,193.0,0.0459,63.1,LA
2006-11-06 21:55:00,766538,7,605,S,HV,0.315,10,100,4.0,0.0017,64.8,LA
2006-11-06 21:55:00,766554,7,91,W,HV,0.22,10,100,23.0,0.0096,64.8,LA
2006-11-06 21:55:00,766555,7,91,W,ML,0.22,40,100,243.0,0.0442,59.8,LA
2006-11-06 21:55:00,766584,7,60,E,HV,0.43,10,100,25.0,0.0112,64.9,LA
2006-11-06 21:55:00,766585,7,60,E,ML,0.43,40,100,265.0,0.0464,68.9,LA
2006-11-06 21:55:00,766586,7,60,W,HV,0.342,10,100,17.0,0.008,64.9,LA
2006-11-06 21:55:00,766587,7,60,W,ML,0.342,40,100,132.0,0.0263,67.9,LA
2006-11-06 21:55:00,766599,7,60,E,HV,0.305,10,100,23.0,0.0093,64.8,LA
2006-11-06 21:55:00,766600,7,60,E,ML,0.305,40,100,260.0,0.0416,68.4,LA
2006-11-06 21:55:00,766601,7,60,W,HV,0.305,10,100,17.0,0.0126,65.0,LA
2006-11-06 21:55:00,766602,7,60,W,ML,0.305,39,100,164.0,0.0324,68.2,LA
2006-11-06 21:55:00,766619,7,60,E,HV,0.29,10,100,25.0,0.0117,64.2,LA
2006-11-06 21:55:00,766620,7,60,E,ML,0.29,40,100,211.0,0.0496,64.0,LA
2006-11-06 21:55:00,766621,7,60,W,HV,0.29,10,100,13.0,0.0057,65.0,LA
2006-11-06 21:55:00,766622,7,60,W,ML,0.29,40,100,107.0,0.0241,67.5,LA
2006-11-06 21:55:00,766641,7,60,W,HV,0.27,10,100,14.0,0.0063,64.9,LA
2006-11-06 21:55:00,766642,7,60,W,ML,0.27,40,100,114.0,0.0234,66.8,LA
2006-11-06 21:55:00,766644,7,60,E,ML,0.27,40,100,211.0,0.0449,64.1,LA
2006-11-06 21:55:00,766673,7,71,N,ML,2.831,20,100,35.0,0.0111,64.7,LA
2006-11-06 21:55:00,766694,7,14,N,ML,2.42,20,100,96.0,0.0287,66.8,LA
2006-11-06 21:55:00,766749,7,14,S,ML,4.2,20,100,88.0,0.0236,72.9,LA
2006-11-06 21:55:00,766758,7,14,N,ML,4.25,30,100,85.0,0.033,67.7,LA
2006-11-06 21:55:00,766829,7,60,W,HV,0.494,10,100,18.0,0.0209,56.1,LA
2006-11-06 21:55:00,766843,7,60,E,ML,0.405,40,100,288.0,0.0509,67.4,LA
2006-11-06 21:55:00,766844,7,60,E,HV,0.405,10,100,23.0,0.0089,64.8,LA
2006-11-06 21:55:00,766851,7,605,N,ML,0.32,40,100,194.0,0.0261,66.7,LA
2006-11-06 21:55:00,766852,7,605,N,HV,0.32,10,100,9.0,0.0039,64.6,LA
2006-11-06 21:55:00,766873,7,105,W,HV,2.2,10,100,18.0,0.0166,64.6,LA
2006-11-06 21:55:00,766930,7,605,S,HV,1.099,10,100,5.0,0.0023,64.9,LA
2006-11-06 21:55:00,766936,7,605,S,HV,0.39,10,100,8.0,0.0043,64.7,LA
2006-11-06 21:55:00,766937,7,605,S,ML,0.39,40,75,240.0,0.0366,66.9,LA
2006-11-06 21:55:00,766954,7,405,S,HV,0.91,10,100,13.0,0.0063,64.9,LA
2006-11-06 21:55:00,766969,7,14,N,HV,2.42,10,100,43.0,0.0184,64.5,LA
2006-11-06 21:55:00,766971,7,170,S,HV,2.696,10,100,7.0,0.0032,64.9,LA
2006-11-06 21:55:00,766988,7,110,S,ML,0.675,40,100,187.0,0.029,67.5,LA
2006-11-06 21:55:00,766996,7,14,S,HV,4.2,10,100,34.0,0.0097,66.5,LA
2006-11-06 21:55:00,767053,7,405,S,ML,0.45,40,100,216.0,0.0264,67.7,LA
2006-11-06 21:55:00,767054,7,405,S,HV,0.45,10,100,5.0,0.0021,65.0,LA
2006-11-06 21:55:00,767166,7,71,N,ML,2.119,20,100,48.0,0.0198,64.6,LA
2006-11-06 21:55:00,767233,7,605,N,ML,0.56,30,100,187.0,0.0313,65.5,LA
2006-11-06 21:55:00,767234,7,605,N,HV,0.56,10,100,5.0,0.0023,65.0,LA
2006-11-06 21:55:00,767262,7,405,S,HV,0.165,10,100,11.0,0.0049,64.7,LA
2006-11-06 21:55:00,767321,7,605,N,HV,2.119,10,100,4.0,0.0016,65.1,LA
2006-11-06 21:55:00,767329,7,10,W,ML,0.539,40,100,217.0,0.0293,69.3,LA
2006-11-06 21:55:00,767350,7,405,S,ML,0.615,40,100,242.0,0.0329,65.5,LA
2006-11-06 21:55:00,767351,7,405,N,ML,0.575,31,75,437.0,0.1333,49.3,LA
2006-11-06 21:55:00,767352,7,405,S,HV,0.615,10,100,6.0,0.0025,64.9,LA
2006-11-06 21:55:00,767353,7,405,N,HV,0.575,10,100,23.0,0.0106,64.7,LA
2006-11-06 21:55:00,767366,7,405,S,ML,0.615,40,100,248.0,0.0336,70.8,LA
2006-11-06 21:55:00,767367,7,405,N,ML,0.705,40,100,340.0,0.049,66.3,LA
2006-11-06 21:55:00,767368,7,405,S,HV,0.615,10,100,16.0,0.0224,60.0,LA
2006-11-06 21:55:00,767369,7,405,N,HV,0.705,10,100,17.0,0.0085,64.6,LA
2006-11-06 21:55:00,767523,7,2,E,ML,0.45,40,100,200.0,0.0241,77.3,LA
2006-11-06 21:55:00,767541,7,2,E,ML,0.45,40,100,224.0,0.0286,65.2,LA
2006-11-06 21:55:00,767635,7,60,E,ML,0.02,10,20,225.0,0.0423,63.4,LA
2006-11-06 21:55:00,767678,7,605,N,ML,0.793,40,100,115.0,0.0183,66.1,LA
2006-11-06 21:55:00,767759,7,110,S,ML,1.7,30,100,79.0,0.0157,70.4,LA
2006-11-06 21:55:00,767760,7,110,N,ML,1.7,30,100,136.0,0.0259,68.9,LA
2006-11-06 21:55:00,767790,7,14,S,ML,5.0,30,100,44.0,0.014,62.7,LA
2006-11-06 21:55:00,767791,7,14,N,ML,5.0,20,100,78.0,0.0283,68.8,LA
2006-11-06 21:55:00,767801,7,101,S,ML,5.0,30,100,90.0,0.0164,70.5,LA
2006-11-06 21:55:00,767810,7,101,N,ML,5.0,30,100,121.0,0.0284,66.7,LA
2006-11-06 21:55:00,767811,7,101,S,ML,5.0,30,100,98.0,0.022,67.5,LA
2006-11-06 21:55:00,767838,7,105,E,ML,0.65,30,100,194.0,0.0443,66.8,LA
2006-11-06 21:55:00,767839,7,105,E,HV,0.65,10,100,28.0,0.0157,64.4,LA
2006-11-06 21:55:00,767847,7,405,S,HV,0.24,10,100,4.0,0.0018,64.9,LA
2006-11-06 21:55:00,767857,7,105,E,ML,0.03,30,100,204.0,0.0354,67.0,LA
2006-11-06 21:55:00,767859,7,105,E,HV,0.03,10,100,27.0,0.0115,64.5,LA
2006-11-06 21:55:00,767868,7,105,E,ML,0.295,30,100,218.0,0.031,73.2,LA
2006-11-06 21:55:00,767870,7,105,E,HV,0.295,10,100,26.0,0.0091,65.5,LA
2006-11-06 21:55:00,767882,7,210,E,HV,1.65,10,100,29.0,0.014,64.9,LA
2006-11-06 21:55:00,767883,7,210,E,ML,1.65,30,100,212.0,0.0464,67.4,LA
2006-11-06 21:55:00,767895,7,210,E,HV,0.6,10,100,31.0,0.0138,65.2,LA
2006-11-06 21:55:00,767896,7,210,E,ML,0.6,30,100,218.0,0.0717,63.0,LA
2006-11-06 21:55:00,767897,7,210,W,HV,1.9,10,100,13.0,0.006,64.9,LA
2006-11-06 21:55:00,767898,7,210,W,ML,1.9,30,100,102.0,0.0201,68.0,LA
2006-11-06 21:55:00,767909,7,210,W,HV,0.65,10,100,11.0,0.0049,64.4,LA
2006-11-06 21:55:00,767910,7,210,W,ML,0.65,30,100,76.0,0.0198,62.0,LA
2006-11-06 21:55:00,767924,7,210,E,HV,0.65,10,100,22.0,0.0138,63.2,LA
2006-11-06 21:55:00,767925,7,210,E,ML,0.65,30,100,190.0,0.0432,65.6,LA
2006-11-06 21:55:00,767939,7,210,W,HV,0.85,10,100,12.0,0.0054,65.0,LA
2006-11-06 21:55:00,767940,7,210,W,ML,0.85,40,100,103.0,0.0141,70.8,LA
2006-11-06 21:55:00,767941,7,210,E,HV,0.74,10,100,24.0,0.0121,64.9,LA
2006-11-06 21:55:00,767942,7,210,E,ML,0.74,40,100,190.0,0.028,70.1,LA
2006-11-06 21:55:00,767954,7,210,W,HV,0.6,10,100,57.0,0.1668,37.7,LA
2006-11-06 21:55:00,767955,7,210,W,ML,0.6,30,100,125.0,0.059,59.5,LA
2006-11-06 21:55:00,767969,7,210,E,HV,0.6,10,100,44.0,0.0376,62.4,LA
2006-11-06 21:55:00,767970,7,210,E,ML,0.6,40,100,180.0,0.0284,69.8,LA
2006-11-06 21:55:00,767983,7,210,E,HV,0.39,10,100,24.0,0.0108,65.1,LA
2006-11-06 21:55:00,767984,7,210,E,ML,0.39,40,100,208.0,0.0357,69.8,LA
2006-11-06 21:55:00,767985,7,210,W,HV,0.43,10,100,7.0,0.0027,64.9,LA
2006-11-06 21:55:00,767986,7,210,W,ML,0.43,30,100,113.0,0.0226,68.2,LA
2006-11-06 21:55:00,767997,7,210,E,HV,0.5,10,100,21.0,0.0115,64.9,LA
2006-11-06 21:55:00,767998,7,210,E,ML,0.5,40,100,202.0,0.0337,68.2,LA
2006-11-06 21:55:00,767999,7,210,W,HV,0.5,10,100,6.0,0.003,64.9,LA
2006-11-06 21:55:00,768000,7,210,W,ML,0.5,30,100,109.0,0.0127,68.7,LA
2006-11-06 21:55:00,768011,7,210,E,HV,0.52,10,100,19.0,0.0084,64.9,LA
2006-11-06 21:55:00,768012,7,210,E,ML,0.52,40,100,183.0,0.0282,68.0,LA
2006-11-06 21:55:00,768013,7,210,W,HV,0.52,10,100,7.0,0.003,65.0,LA
2006-11-06 21:55:00,768014,7,210,W,ML,0.52,30,100,107.0,0.0215,69.2,LA
2006-11-06 21:55:00,768025,7,210,E,HV,0.425,10,100,19.0,0.0096,65.2,LA
2006-11-06 21:55:00,768026,7,210,E,ML,0.425,40,100,217.0,0.0379,66.3,LA
2006-11-06 21:55:00,768027,7,210,W,HV,0.47,10,100,144.0,0.0401,65.4,LA
2006-11-06 21:55:00,768028,7,210,W,ML,0.47,30,100,106.0,0.0212,68.9,LA
